-0.00000000
-0.67335349
0.00000000
-0.60738689
0.00000000
-0.51321977
0.00000000
-0.68822569
0.00000000
-0.89658731
-0.00000000
-0.70215106
0.00000000
-0.47992846
0.00000000
-0.49508092
0.00000000
-0.49508092
0.00000000
-0.42437366
0.00000000
-0.53548485
0.00000000
-0.59897673
0.00000000
-0.60737848
0.00000000
-0.40417102
-0.00000000
-0.69561279
0.00000000
-0.62095320
0.00000000
-0.49508065
0.00000000
-0.49508139
0.00000000
-0.51326174
-0.00000000
-0.74915838
0.00000000
-0.51326311
0.00000000
-0.31326312
-0.00000000
-0.75443512
0.00000000
-0.54855543
0.00000000
-0.56326020
0.00000000
-0.51326144
0.00000000
-0.56326097
0.00000000
-0.72992730
0.00000000
-0.71326166
0.00000000
-0.40417096
-0.00000000
-0.68168157
0.00000000
-0.57992834
0.00000000
-0.54403102
0.00000000
-0.49508047
0.00000000
-0.31326258
0.00000000
-0.53548479
0.00000000
-0.39659593
0.00000000
-0.49508077
0.00000000
-0.49508002
-0.00000000
-0.78201044
0.00000000
-0.41326171
0.00000000
-0.58599013
0.00000000
-0.41326261
0.00000000
-0.47992837
0.00000000
-0.52754837
0.00000000
-0.62095511
0.00000000
-0.67689985
0.00000000
-0.61326414
0.00000000
-0.40417102
0.00000000
-0.60955888
0.00000000
-0.66620028
0.00000000
-0.56326044
-0.00000000
-0.64659321
0.00000000
-0.64659679
0.00000000
-0.46710637
0.00000000
-0.56326091
0.00000000
-0.63144231
0.00000000
-0.66620290
-0.00000000
-0.61760908
0.00000000
-0.58599043
0.00000000
-0.41326356
-0.00000000
-0.70215023
0.00000000
-0.47992852
0.00000000
-0.67689699
0.00000000
-0.49508187
0.00000000
-0.54402930
0.00000000
-0.67689818
0.00000000
-0.41326374
-0.00000000
-0.61760718
0.00000000
-0.62575972
0.00000000
-0.51326329
0.00000000
-0.60737908
0.00000000
-0.61326355
0.00000000
-0.51326412
0.00000000
-0.56326497
0.00000000
-0.62575823
0.00000000
-0.62576091
0.00000000
-0.42437500
0.00000000
-0.54402870
0.00000000
-0.31326553
0.00000000
-0.64659458
0.00000000
-0.52754551
0.00000000
-0.31326485
0.00000000
-0.58599180
0.00000000
-0.56325477
0.00000000
-0.56326348
-0.00000000
-0.59103405
0.00000000
-0.52754635
0.00000000
-0.49507907
-0.00000000
-0.57641834
0.00000000
-0.46710870
0.00000000
-0.49507999
-0.00000000
-0.57641864
-0.00000000
-0.63584143
0.00000000
-0.62095350
0.00000000
-0.69787604
0.00000000
-0.58599013
0.00000000
-0.56326205
0.00000000
-0.72992820
0.00000000
-0.56326157
0.00000000
-0.62576133
0.00000000
-0.56326210
0.00000000
-0.64659512
0.00000000
-0.56326234
0.00000000
-0.60737908
0.00000000
-0.64659506
0.00000000
-0.72502530
0.00000000
-0.56326163
0.00000000
-0.64659536
0.00000000
-0.47992960
0.00000000
-0.54403079
0.00000000
-0.31326342
-0.00000000
-0.64659506
-0.00000000
-0.61326051
-0.00000000
-0.70214951
0.00000000
-0.64659512
0.00000000
-0.51326311
0.00000000
-0.62095547
0.00000000
-0.70611650
0.00000000
-0.54403126
0.00000000
-0.67689973
0.00000000
-0.31326377
0.00000000
-0.67690033
0.00000000
-0.56326300
0.00000000
-0.45612016
-0.00000000
-0.68167692
0.00000000
-0.54402977
0.00000000
-0.62095267
0.00000000
-0.56326300
0.00000000
-0.56326103
-0.00000000
-0.64659411
0.00000000
-0.64659637
-0.00000000
-0.59103769
0.00000000
-0.58599037
0.00000000
-0.49508172
0.00000000
-0.58599031
0.00000000
-0.31326413
0.00000000
-0.56326097
0.00000000
-0.67689949
-0.00000000
-0.64659226
0.00000000
-0.71326262
0.00000000
-0.41326529
0.00000000
-0.49508554
0.00000000
-0.40418357
0.00000000
-0.41332108
0.00000000
-0.51886213
0.00000000
-0.67006606
-0.00000000
-0.66390395
0.00000000
-0.49507970
0.00000000
-0.60737932
0.00000000
-0.42437270
0.00000000
-0.47992817
0.00000000
-0.49507970
0.00000000
-0.69787693
0.00000000
-0.69787693
0.00000000
-0.40417054
0.00000000
-0.41326159
0.00000000
-0.64659494
0.00000000
-0.41326159
0.00000000
-0.52754730
-0.00000000
-0.66326165
0.00000000
-0.59897578
0.00000000
-0.64659494
0.00000000
-0.74183309
0.00000000
-0.42437270
0.00000000
-0.53548384
0.00000000
-0.68826169
0.00000000
-0.66620284
-0.00000000
-0.64659506
0.00000000
-0.40417054
0.00000000
-0.56326157
0.00000000
-0.41326159
0.00000000
-0.63326174
0.00000000
-0.62095428
0.00000000
-0.42437270
0.00000000
-0.31326157
0.00000000
-0.49507970
0.00000000
-0.54403073
0.00000000
-0.61326164
0.00000000
-0.41326159
0.00000000
-0.40417054
0.00000000
-0.41326159
0.00000000
-0.62095392
0.00000000
-0.40417054
0.00000000
-0.44659480
0.00000000
-0.59897608
0.00000000
-0.64659494
0.00000000
-1.13144338
0.00000000
-0.46710774
0.00000000
-0.61326164
0.00000000
-0.67689794
0.00000000
-0.42437270
-0.00000000
-0.61629194
0.00000000
-0.51326168
0.00000000
-0.57992834
0.00000000
-0.78384995
0.00000000
-0.62095392
0.00000000
-0.56326157
0.00000000
-0.49507970
0.00000000
-0.61326164
0.00000000
-0.60492867
0.00000000
-0.56326157
-0.00000000
-0.59103954
0.00000000
-0.60737944
0.00000000
-0.53548378
0.00000000
-0.66620284
0.00000000
-0.75076175
0.00000000
-0.47992817
0.00000000
-0.39659491
0.00000000
-0.63326174
0.00000000
-0.51326168
0.00000000
-0.56326157
0.00000000
-0.54403073
0.00000000
-0.69787693
0.00000000
-0.57992834
0.00000000
-0.31326157
0.00000000
-0.54403073
0.00000000
-0.54403073
0.00000000
-0.58598888
0.00000000
-0.52754730
0.00000000
-0.49507982
-0.00000000
-0.78945231
0.00000000
-0.49507970
0.00000000
-0.66620290
0.00000000
-0.64659494
0.00000000
-0.72992826
0.00000000
-0.49507970
0.00000000
-0.51326162
0.00000000
-0.56326157
0.00000000
-0.40417054
-0.00000000
-0.62905115
0.00000000
-0.47992817
0.00000000
-0.47992817
0.00000000
-0.43826157
0.00000000
-0.64659494
-0.00000000
-0.64659506
-0.00000000
-0.59103954
0.00000000
-0.58598906
0.00000000
-0.46710774
0.00000000
-0.62576163
0.00000000
-0.42437270
-0.00000000
-0.55135697
0.00000000
-0.31326157
0.00000000
-0.31326157
0.00000000
-0.31326163
-0.00000000
-0.78694552
0.00000000
-0.49507970
0.00000000
-0.49507970
0.00000000
-0.51326168
0.00000000
-0.67040443
0.00000000
-0.39659491
0.00000000
-0.40417054
0.00000000
-0.54403073
0.00000000
-0.47992817
0.00000000
-0.75076175
0.00000000
-0.47992817
-0.00000000
-0.61326182
0.00000000
-0.60737932
0.00000000
-0.61326164
0.00000000
-0.31326163
0.00000000
-0.62095392
-0.00000000
-0.56326169
0.00000000
-0.58598888
0.00000000
-0.40417054
0.00000000
-0.40417069
-0.00000000
-0.64659506
-0.00000000
-0.53548396
0.00000000
-0.62095392
0.00000000
-0.58598888
0.00000000
-0.42437270
0.00000000
-0.63144374
0.00000000
-0.62095392
0.00000000
-0.49507970
-0.00000000
-0.66108793
0.00000000
-0.74183291
0.00000000
-0.64659494
0.00000000
-0.51326168
0.00000000
-0.68826193
0.00000000
-0.41326159
0.00000000
-0.41326159
0.00000000
-0.64659494
-0.00000000
-0.70215046
0.00000000
-0.49507970
0.00000000
-0.68826187
0.00000000
-0.67689794
-0.00000000
-0.57641971
0.00000000
-0.67689806
0.00000000
-0.54403073
0.00000000
-0.56326157
-0.00000000
-0.71326166
0.00000000
-0.57992828
0.00000000
-0.56326157
0.00000000
-0.31326163
-0.00000000
-0.71326166
0.00000000
-0.41326159
0.00000000
-0.57992834
-0.00000000
-0.61760974
-0.00000000
-0.52378803
0.00000000
-0.51326162
0.00000000
-0.54403073
0.00000000
-0.46710774
0.00000000
-0.60737932
0.00000000
-0.49507970
0.00000000
-0.68826193
0.00000000
-0.52754730
0.00000000
-0.79326171
0.00000000
-0.56326157
-0.00000000
-0.67992800
0.00000000
-0.46710774
0.00000000
-0.47992817
0.00000000
-0.49507982
0.00000000
-0.51326162
0.00000000
-0.42437270
0.00000000
-0.49507970
-0.00000000
-0.70215058
0.00000000
-0.49507982
0.00000000
-0.72992826
0.00000000
-0.51326162
0.00000000
-0.53548378
0.00000000
-0.56326157
0.00000000
-0.47992817
0.00000000
-0.54403073
0.00000000
-0.66620284
0.00000000
-0.42437267
0.00000000
-0.51326168
0.00000000
-0.59897578
0.00000000
-0.54403073
0.00000000
-0.67689794
0.00000000
-0.59897578
0.00000000
-0.31326163
0.00000000
-0.64659494
0.00000000
-0.64659494
0.00000000
-0.58598888
0.00000000
-0.47992817
0.00000000
-0.59897602
0.00000000
-0.68826169
0.00000000
-0.68826169
0.00000000
-0.51326168
0.00000000
-0.42437267
0.00000000
-0.39659491
0.00000000
-0.43826157
0.00000000
-0.59897578
0.00000000
-0.56326157
0.00000000
-0.31326163
0.00000000
-0.66620284
0.00000000
-0.64659506
0.00000000
-0.51326162
0.00000000
-0.50076157
0.00000000
-0.64659500
0.00000000
-0.68826169
0.00000000
-0.74183303
0.00000000
-0.54855579
0.00000000
-0.51326168
0.00000000
-0.66620284
-0.00000000
-0.69421411
0.00000000
-0.31326163
0.00000000
-0.58598888
0.00000000
-0.42437270
0.00000000
-0.85172337
0.00000000
-0.52754730
0.00000000
-0.68363196
0.00000000
-0.60737932
0.00000000
-0.51326162
0.00000000
-0.53548384
-0.00000000
-0.73261636
0.00000000
-0.49507970
0.00000000
-0.56326157
0.00000000
-0.49507970
0.00000000
-0.65808934
0.00000000
-0.69787693
0.00000000
-0.40417054
0.00000000
-0.40417054
-0.00000000
-0.57641971
0.00000000
-0.56326157
0.00000000
-0.56326157
0.00000000
-0.68826187
0.00000000
-0.47992817
0.00000000
-0.52754730
-0.00000000
-0.76487410
-0.00000000
-0.67040431
0.00000000
-0.47992817
0.00000000
-0.56326157
0.00000000
-0.54855579
0.00000000
-0.41326159
0.00000000
-0.58598894
0.00000000
-0.62095392
0.00000000
-0.62095392
0.00000000
-0.42437270
0.00000000
-0.51326168
0.00000000
-0.39659491
-0.00000000
-0.53548396
0.00000000
-0.62095392
0.00000000
-0.61326164
0.00000000
-0.59897578
0.00000000
-0.52754730
0.00000000
-0.71326160
0.00000000
-0.42437270
0.00000000
-0.58598888
0.00000000
-0.54855579
0.00000000
-0.56326157
0.00000000
-0.51326162
0.00000000
-0.40417054
0.00000000
-0.68826169
-0.00000000
-0.62905115
0.00000000
-0.56326157
0.00000000
-0.51326162
0.00000000
-0.64659494
0.00000000
-0.59897578
0.00000000
-0.42437270
0.00000000
-0.39659491
-0.00000000
-0.66326171
0.00000000
-0.56326157
0.00000000
-0.46710774
-0.00000000
-0.74183303
0.00000000
-0.46710774
0.00000000
-0.51326168
-0.00000000
-0.78945231
0.00000000
-0.58598888
0.00000000
-0.31326163
0.00000000
-0.47992817
0.00000000
-0.54403073
0.00000000
-0.64659506
0.00000000
-0.54403073
0.00000000
-0.91326147
0.00000000
-0.31326163
0.00000000
-0.64659494
0.00000000
-0.62576163
0.00000000
-0.31326163
0.00000000
-0.59897578
0.00000000
-0.56326157
0.00000000
-0.42437270
0.00000000
-0.57992834
0.00000000
-0.54403073
0.00000000
-0.49507970
0.00000000
-0.56326157
-0.00000000
-0.56326169
0.00000000
-0.67040443
0.00000000
-0.56326157
0.00000000
-0.59897578
0.00000000
-0.62576163
0.00000000
-0.51326168
0.00000000
-0.64659506
0.00000000
-0.54403073
0.00000000
-0.41326159
-0.00000000
-0.66326171
0.00000000
-0.49507970
0.00000000
-0.67040443
0.00000000
-0.47992817
0.00000000
-0.49507982
0.00000000
-0.60737932
0.00000000
-0.54403073
0.00000000
-0.56326157
0.00000000
-0.58598888
0.00000000
-0.54855579
0.00000000
-0.39659491
0.00000000
-0.56326157
0.00000000
-0.58598906
0.00000000
-0.42437270
0.00000000
-0.59897578
0.00000000
-0.58598888
0.00000000
-0.56326157
0.00000000
-0.47992817
0.00000000
-0.40417054
0.00000000
-0.41326159
0.00000000
-0.59897578
0.00000000
-0.42437267
-0.00000000
-0.59103954
0.00000000
-0.53548384
0.00000000
-0.40417054
-0.00000000
-0.62905115
-0.00000000
-0.64659500
0.00000000
-0.62095392
0.00000000
-0.58598888
0.00000000
-0.54403073
0.00000000
-0.62095392
0.00000000
-0.41326159
0.00000000
-0.46710774
0.00000000
-0.48973224
0.00000000
-0.31326163
0.00000000
-0.62576163
0.00000000
-0.41326159
0.00000000
-0.47992817
0.00000000
-0.62095392
0.00000000
-0.53548384
0.00000000
-0.58598888
0.00000000
-0.84659487
0.00000000
-0.31326163
0.00000000
-0.67040449
0.00000000
-0.69787699
0.00000000
-0.42437270
0.00000000
-0.54403073
0.00000000
-0.60737932
0.00000000
-0.49507970
0.00000000
-0.40417054
0.00000000
-0.64659494
0.00000000
-0.54403073
0.00000000
-0.74183309
0.00000000
-0.64659494
0.00000000
-0.46710774
0.00000000
-0.42437270
0.00000000
-0.64659494
0.00000000
-0.58598888
0.00000000
-0.67040443
0.00000000
-0.58598888
0.00000000
-0.59897578
0.00000000
-0.58598888
0.00000000
-0.72502643
0.00000000
-0.31326157
-0.00000000
-0.69421411
0.00000000
-0.67689806
0.00000000
-0.54403073
0.00000000
-0.49507970
0.00000000
-0.56326157
0.00000000
-0.40417054
0.00000000
-0.57992834
0.00000000
-0.67040443
-0.00000000
-0.64659500
0.00000000
-0.41326159
0.00000000
-0.31326163
0.00000000
-0.57992834
-0.00000000
-0.66108793
0.00000000
-0.62095392
-0.00000000
-0.64659500
-0.00000000
-0.64659506
0.00000000
-0.52754730
0.00000000
-0.49507970
0.00000000
-0.51326168
0.00000000
-0.62576163
0.00000000
-0.44659480
-0.00000000
-0.66326165
0.00000000
-0.63144374
0.00000000
-0.40417054
0.00000000
-0.52754730
0.00000000
-0.46710774
0.00000000
-0.56326157
0.00000000
-0.56326157
0.00000000
-0.66620290
0.00000000
-0.53548384
0.00000000
-0.71326166
0.00000000
-0.42437270
0.00000000
-0.59897578
0.00000000
-0.46710774
0.00000000
-0.60737932
0.00000000
-0.64659494
0.00000000
-0.52754730
0.00000000
-0.42437270
0.00000000
-0.74183303
0.00000000
-0.67689806
-0.00000000
-0.59103954
0.00000000
-0.52754730
0.00000000
-0.57992834
0.00000000
-0.41326159
-0.00000000
-0.53548396
0.00000000
-0.49507970
-0.00000000
-0.76326174
0.00000000
-0.62576163
0.00000000
-0.39659491
-0.00000000
-0.53548396
0.00000000
-0.73918790
0.00000000
-0.62576163
0.00000000
-0.56326157
-0.00000000
-0.71326125
0.00000000
-0.42437270
0.00000000
-0.40417069
0.00000000
-0.67689806
0.00000000
-0.42437270
0.00000000
-0.31326163
0.00000000
-0.51326168
0.00000000
-0.56326157
0.00000000
-0.54403073
0.00000000
-0.72502643
0.00000000
-0.59897578
0.00000000
-0.31326157
0.00000000
-0.54855579
0.00000000
-0.71326166
0.00000000
-0.63144374
0.00000000
-0.49507970
-0.00000000
-0.75770593
0.00000000
-0.64659494
-0.00000000
-0.59103954
0.00000000
-0.42437270
-0.00000000
-0.64659500
-0.00000000
-0.61326188
0.00000000
-0.60737932
0.00000000
-0.60492826
-0.00000000
-0.62905127
0.00000000
-0.67040443
0.00000000
-0.31326163
0.00000000
-0.46710774
-0.00000000
-0.70456606
0.00000000
-0.47992817
-0.00000000
-0.64659506
-0.00000000
-0.66108793
0.00000000
-0.67040449
0.00000000
-0.64659494
-0.00000000
-0.64659506
0.00000000
-0.31326163
0.00000000
-0.64659494
0.00000000
-0.47992817
0.00000000
-0.61326164
0.00000000
-0.48973224
0.00000000
-0.47992817
0.00000000
-0.58598888
-0.00000000
-0.70215046
0.00000000
-0.47992817
0.00000000
-0.56326157
0.00000000
-0.64659494
0.00000000
-0.40417054
-0.00000000
-0.64659506
0.00000000
-0.45611861
0.00000000
-0.52754730
0.00000000
-0.59897578
0.00000000
-0.49507970
0.00000000
-0.61326164
0.00000000
-0.40417054
0.00000000
-0.56326157
0.00000000
-0.56326157
-0.00000000
-0.62905127
-0.00000000
-0.70215046
-0.00000000
-0.70215046
0.00000000
-0.68826169
0.00000000
-0.49507970
0.00000000
-0.49507982
-0.00000000
-0.56326187
0.00000000
-0.71326160
-0.00000000
-0.64659506
0.00000000
-0.52754730
0.00000000
-0.49507970
0.00000000
-0.47992817
0.00000000
-0.59897578
0.00000000
-0.56326157
-0.00000000
-0.72992820
0.00000000
-0.51326168
-0.00000000
-0.61326188
0.00000000
-0.47992817
0.00000000
-0.40417054
0.00000000
-0.60737926
0.00000000
-0.62095392
0.00000000
-0.49507970
0.00000000
-0.46710774
0.00000000
-0.56326157
0.00000000
-0.41326159
0.00000000
-0.51326168
0.00000000
-0.56326157
0.00000000
-0.62095392
0.00000000
-0.67689806
0.00000000
-0.56326157
0.00000000
-0.51326162
0.00000000
-0.71326166
0.00000000
-0.56326157
0.00000000
-0.42437267
0.00000000
-0.39659491
0.00000000
-0.54855579
0.00000000
-0.49507970
0.00000000
-0.72066903
0.00000000
-0.60737932
0.00000000
-0.41326159
0.00000000
-0.62095392
-0.00000000
-0.72502625
0.00000000
-0.58598888
0.00000000
-0.42437270
0.00000000
-0.51326168
0.00000000
-0.64659494
0.00000000
-0.54403073
0.00000000
-0.57992834
0.00000000
-0.51326168
0.00000000
-0.49507970
0.00000000
-0.39659491
0.00000000
-0.56326157
0.00000000
-0.60737932
0.00000000
-1.13144338
-0.00000000
-0.69421399
-0.00000000
-0.75770599
0.00000000
-0.57992834
0.00000000
-0.54403073
0.00000000
-0.56326157
0.00000000
-0.49507982
0.00000000
-0.62095392
0.00000000
-0.41326159
0.00000000
-0.68826169
-0.00000000
-0.64659506
0.00000000
-0.42437270
0.00000000
-0.64659494
0.00000000
-0.54403073
0.00000000
-0.62576163
-0.00000000
-0.92437279
-0.00000000
-0.70215058
0.00000000
-0.58598888
0.00000000
-0.64659494
0.00000000
-0.41326159
0.00000000
-0.59897578
0.00000000
-0.59897578
0.00000000
-0.43826157
0.00000000
-0.51326168
0.00000000
-0.60737932
-0.00000000
-0.59897608
0.00000000
-0.42437270
0.00000000
-0.47992817
0.00000000
-0.31326157
0.00000000
-0.61326164
0.00000000
-0.52754730
-0.00000000
-0.68168265
0.00000000
-0.69257182
-0.00000000
-0.62905121
0.00000000
-0.56326157
0.00000000
-0.31326163
0.00000000
-0.56326157
0.00000000
-0.57992834
0.00000000
-0.52754730
0.00000000
-0.58598888
0.00000000
-0.49507970
0.00000000
-0.40417054
0.00000000
-0.42437270
0.00000000
-0.51326168
-0.00000000
-0.64659506
0.00000000
-0.41326159
0.00000000
-0.56326157
-0.00000000
-0.77992821
0.00000000
-0.54403073
0.00000000
-0.67689794
0.00000000
-0.41326159
0.00000000
-0.52754730
-0.00000000
-0.53548396
-0.00000000
-0.68168265
0.00000000
-0.40417069
0.00000000
-0.59897578
0.00000000
-0.46710774
0.00000000
-0.57992834
0.00000000
-0.47992817
0.00000000
-0.42437270
0.00000000
-0.66620284
0.00000000
-0.54403073
0.00000000
-0.45611861
-0.00000000
-0.62905121
0.00000000
-0.40417054
0.00000000
-0.41326159
0.00000000
-0.41326159
0.00000000
-0.71326166
0.00000000
-0.49507970
0.00000000
-0.64659494
0.00000000
-0.46710774
0.00000000
-0.64659494
0.00000000
-0.58598894
0.00000000
-0.53548384
0.00000000
-0.31326163
-0.00000000
-0.64659506
0.00000000
-0.59897578
0.00000000
-0.49507970
-0.00000000
-0.57641971
0.00000000
-0.56326157
0.00000000
-0.59897578
0.00000000
-0.60737926
0.00000000
-0.64659494
0.00000000
-0.31326157
0.00000000
-0.40417054
0.00000000
-0.42437270
0.00000000
-0.54403073
0.00000000
-0.64659494
0.00000000
-0.46710774
0.00000000
-0.41326159
0.00000000
-0.41326159
-0.00000000
-0.70215046
0.00000000
-0.70611876
0.00000000
-0.51326168
0.00000000
-0.59897578
0.00000000
-0.62095398
0.00000000
-0.41326159
-0.00000000
-0.70456606
0.00000000
-0.31326163
0.00000000
-0.39018458
0.00000000
-0.54403073
-0.00000000
-0.62905121
0.00000000
-0.41326159
0.00000000
-0.49507970
0.00000000
-0.46710774
0.00000000
-0.72992831
0.00000000
-0.41326159
0.00000000
-1.06326187
0.00000000
-0.54403073
-0.00000000
-0.59103954
0.00000000
-0.72992820
0.00000000
-0.56326157
-0.00000000
-0.64659506
0.00000000
-0.54403073
0.00000000
-0.49507982
0.00000000
-0.57992828
0.00000000
-0.31326163
0.00000000
-0.56326157
0.00000000
-0.64659494
0.00000000
-0.59897578
0.00000000
-0.51326168
-0.00000000
-0.81326193
0.00000000
-0.31326163
0.00000000
-0.41326159
0.00000000
-0.57992834
0.00000000
-0.77480018
0.00000000
-0.54403073
0.00000000
-0.64659494
-0.00000000
-0.71326166
0.00000000
-0.51326162
0.00000000
-0.54403073
0.00000000
-0.46710774
0.00000000
-0.47992817
0.00000000
-0.71326166
0.00000000
-0.62095428
0.00000000
-0.41326159
0.00000000
-0.39659491
0.00000000
-0.46710774
-0.00000000
-0.59103954
0.00000000
-0.41326159
0.00000000
-0.66620284
0.00000000
-0.47992817
-0.00000000
-0.66810030
0.00000000
-0.31326157
0.00000000
-0.31326157
0.00000000
-0.40417054
0.00000000
-0.31326157
0.00000000
-0.42437270
0.00000000
-0.60737932
0.00000000
-0.42437267
0.00000000
-0.47992817
-0.00000000
-0.66326171
0.00000000
-0.67040443
-0.00000000
-0.76326180
0.00000000
-0.68363196
0.00000000
-0.58598888
0.00000000
-0.46710774
0.00000000
-0.67040449
-0.00000000
-0.61760974
0.00000000
-0.31326157
0.00000000
-0.31326163
0.00000000
-0.51326162
0.00000000
-1.01914406
0.00000000
-0.51326168
0.00000000
-0.84659487
0.00000000
-0.49507970
0.00000000
-0.69787693
0.00000000
-0.67689806
0.00000000
-0.41326159
-0.00000000
-0.73431420
-0.00000000
-0.64659506
-0.00000000
-0.62905115
-0.00000000
-0.66810042
0.00000000
-0.31326163
0.00000000
-0.40417054
0.00000000
-0.62576163
0.00000000
-0.42437270
-0.00000000
-0.81326193
0.00000000
-0.56326157
0.00000000
-0.41326159
0.00000000
-0.51326168
0.00000000
-0.61326164
0.00000000
-0.56326157
0.00000000
-0.49507982
0.00000000
-0.49507970
0.00000000
-0.64659494
0.00000000
-0.51326162
-0.00000000
-0.62905115
0.00000000
-0.39659491
0.00000000
-0.49507970
0.00000000
-0.47992817
0.00000000
-0.51326168
0.00000000
-0.46710774
0.00000000
-0.41326159
0.00000000
-0.49507970
0.00000000
-0.49507982
0.00000000
-0.43826157
0.00000000
-0.51326168
0.00000000
-0.31326157
-0.00000000
-0.66326165
0.00000000
-0.69257182
0.00000000
-0.51326168
0.00000000
-0.56326157
-0.00000000
-0.68168265
0.00000000
-0.64659506
0.00000000
-0.42437270
0.00000000
-0.42437270
0.00000000
-0.62095392
0.00000000
-0.54403073
0.00000000
-0.42437267
0.00000000
-0.49507970
0.00000000
-0.42437270
0.00000000
-0.62095428
-0.00000000
-0.63584208
0.00000000
-0.52754730
-0.00000000
-0.65536672
0.00000000
-0.83326155
0.00000000
-0.43826157
0.00000000
-0.41326159
0.00000000
-0.63144374
0.00000000
-0.69257170
0.00000000
-0.54403073
-0.00000000
-0.70035809
0.00000000
-0.53548384
0.00000000
-0.52754730
-0.00000000
-0.59103954
0.00000000
-0.40417054
0.00000000
-0.52754730
-0.00000000
-0.57641971
0.00000000
-0.62095392
0.00000000
-0.56326157
0.00000000
-0.40417054
0.00000000
-0.51326168
0.00000000
-0.54403073
0.00000000
-0.56326157
0.00000000
-0.56326157
-0.00000000
-0.64659506
-0.00000000
-0.57641971
0.00000000
-0.62360650
-0.00000000
-0.79152274
-0.00000000
-0.66108793
-0.00000000
-0.73431426
0.00000000
-0.47992817
0.00000000
-0.31326163
0.00000000
-0.40417054
0.00000000
-0.53548384
0.00000000
-0.39018458
-0.00000000
-0.64659500
0.00000000
-0.42437270
0.00000000
-0.52754730
0.00000000
-0.42437270
0.00000000
-0.47992817
0.00000000
-0.62095392
0.00000000
-0.47992817
-0.00000000
-0.64659500
0.00000000
-0.49507982
0.00000000
-0.49507982
-0.00000000
-0.62905127
0.00000000
-0.49507970
0.00000000
-0.54403073
0.00000000
-0.52754730
-0.00000000
-0.70215046
0.00000000
-0.39659491
0.00000000
-0.41326159
0.00000000
-0.67040443
-0.00000000
-0.66326171
0.00000000
-0.44659480
-0.00000000
-0.55135697
-0.00000000
-0.64659500
0.00000000
-0.31326157
0.00000000
-0.56326157
0.00000000
-0.67040443
-0.00000000
-0.66326171
0.00000000
-0.47992817
0.00000000
-0.42437270
0.00000000
-0.31326163
0.00000000
-0.49507970
0.00000000
-0.40417054
0.00000000
-0.54403073
0.00000000
-0.62095392
0.00000000
-0.46710774
0.00000000
-0.71326166
0.00000000
-0.51326168
-0.00000000
-0.67437249
0.00000000
-0.64659494
0.00000000
-0.47992817
0.00000000
-0.39659491
0.00000000
-0.62576169
0.00000000
-0.31326163
0.00000000
-0.69257182
0.00000000
-0.45611861
0.00000000
-0.58598906
0.00000000
-0.54403073
0.00000000
-0.54855579
0.00000000
-0.62095392
0.00000000
-0.31326163
-0.00000000
-0.74183303
0.00000000
-0.46710774
0.00000000
-0.51326162
0.00000000
-0.77159506
0.00000000
-0.51326162
0.00000000
-0.49507970
0.00000000
-0.64659506
0.00000000
-0.47992817
0.00000000
-0.64659494
0.00000000
-0.67040443
0.00000000
-0.49507970
0.00000000
-0.56326157
0.00000000
-0.56326157
0.00000000
-0.56326157
0.00000000
-0.92864615
0.00000000
-0.62095392
0.00000000
-0.46710774
0.00000000
-0.54403073
0.00000000
-0.62095392
0.00000000
-0.62095392
0.00000000
-0.54403073
0.00000000
-0.64659494
0.00000000
-0.66620284
0.00000000
-0.41326159
-0.00000000
-0.64659506
0.00000000
-0.41326159
0.00000000
-0.64659494
0.00000000
-0.62095392
0.00000000
-0.51326168
0.00000000
-0.63469040
0.00000000
-0.47992817
0.00000000
-0.52754730
0.00000000
-0.75770593
0.00000000
-0.46710774
0.00000000
-0.60737932
0.00000000
-0.51326162
0.00000000
-0.67689806
0.00000000
-0.66620290
-0.00000000
-0.83500093
-0.00000000
-0.71326166
0.00000000
-0.64659494
0.00000000
-0.57992834
0.00000000
-0.54403073
0.00000000
-0.53548378
0.00000000
-0.74183309
0.00000000
-0.39659491
0.00000000
-0.56326157
0.00000000
-0.49507970
0.00000000
-0.56326157
-0.00000000
-0.70215046
0.00000000
-0.57992834
0.00000000
-0.49507970
0.00000000
-0.67689794
0.00000000
-0.74183303
-0.00000000
-0.71951157
0.00000000
-0.31326157
0.00000000
-0.52754730
0.00000000
-0.58598894
0.00000000
-0.64659494
0.00000000
-0.56326157
0.00000000
-0.42437270
0.00000000
-0.41326159
0.00000000
-0.56326157
0.00000000
-0.59897578
0.00000000
-0.49507970
-0.00000000
-0.71326166
0.00000000
-0.71326166
0.00000000
-0.64659494
0.00000000
-0.40417069
0.00000000
-0.54403073
0.00000000
-0.67689794
0.00000000
-0.68826169
0.00000000
-0.68826169
0.00000000
-0.59897578
0.00000000
-0.51326162
0.00000000
-0.64659494
0.00000000
-0.41326159
0.00000000
-0.41326159
0.00000000
-0.46710774
0.00000000
-0.41326159
0.00000000
-0.68826193
0.00000000
-0.49507970
0.00000000
-0.52754730
0.00000000
-0.51326168
-0.00000000
-0.64659506
0.00000000
-0.66620284
0.00000000
-0.31326157
-0.00000000
-0.70035809
0.00000000
-0.47992817
-0.00000000
-0.76326180
-0.00000000
-0.74183303
0.00000000
-0.56326157
-0.00000000
-0.53548396
-0.00000000
-0.79713243
0.00000000
-0.39659491
0.00000000
-0.51326168
0.00000000
-0.54403073
0.00000000
-0.47992817
-0.00000000
-0.64659506
0.00000000
-0.67689794
0.00000000
-0.51326168
0.00000000
-0.51326162
0.00000000
-0.42437270
0.00000000
-0.67040443
0.00000000
-0.62095392
0.00000000
-0.64659494
0.00000000
-0.41326159
0.00000000
-0.40417054
0.00000000
-0.66620290
0.00000000
-0.42437270
0.00000000
-0.42437267
0.00000000
-0.49507970
0.00000000
-0.47992817
-0.00000000
-0.81326193
-0.00000000
-0.64659500
0.00000000
-0.56326157
0.00000000
-0.53548384
0.00000000
-0.56326157
0.00000000
-0.57992834
0.00000000
-0.73633868
0.00000000
-0.31326163
0.00000000
-0.57992834
0.00000000
-0.45611861
0.00000000
-0.71326172
-0.00000000
-0.66108793
0.00000000
-0.56326157
0.00000000
-0.67689794
0.00000000
-0.52754730
0.00000000
-0.49507970
0.00000000
-0.46710774
0.00000000
-0.57992834
0.00000000
-0.62576163
0.00000000
-0.40417054
-0.00000000
-0.64659506
0.00000000
-1.04053462
-0.00000000
-0.71326137
0.00000000
-0.40417054
0.00000000
-0.58598888
0.00000000
-0.53548384
0.00000000
-0.57992834
0.00000000
-0.58598888
0.00000000
-0.41326159
0.00000000
-0.58598888
0.00000000
-0.62576169
0.00000000
-0.67689794
0.00000000
-0.31326163
0.00000000
-0.46710774
0.00000000
-0.40417054
0.00000000
-0.56326157
0.00000000
-0.31326157
0.00000000
-0.67326170
0.00000000
-0.42437270
-0.00000000
-0.68168271
0.00000000
-0.31326157
0.00000000
-0.31326163
0.00000000
-0.31326163
0.00000000
-0.62095392
0.00000000
-0.56326157
0.00000000
-0.81326169
0.00000000
-0.58598888
0.00000000
-0.47992817
0.00000000
-0.51326168
0.00000000
-0.40417069
0.00000000
-0.31326163
-0.00000000
-0.77040434
0.00000000
-0.31326163
0.00000000
-0.61326164
0.00000000
-0.57992834
0.00000000
-0.68826169
0.00000000
-0.47992817
0.00000000
-0.62095392
0.00000000
-0.39659491
0.00000000
-0.31326163
0.00000000
-0.54403073
0.00000000
-0.41326159
0.00000000
-0.64659500
0.00000000
-0.41326159
0.00000000
-0.40417069
0.00000000
-0.31326163
0.00000000
-0.51326168
-0.00000000
-0.59103954
0.00000000
-0.31326163
0.00000000
-0.40417069
0.00000000
-0.31326163
0.00000000
-0.51326168
0.00000000
-0.57992828
-0.00000000
-0.66326165
-0.00000000
-0.73750395
0.00000000
-0.51326168
0.00000000
-0.63144374
0.00000000
-0.67689806
0.00000000
-0.59897578
0.00000000
-0.68826169
0.00000000
-0.64659494
0.00000000
-0.40417069
0.00000000
-0.31326163
0.00000000
-0.52754730
0.00000000
-0.41326159
0.00000000
-0.59897578
0.00000000
-0.31326163
0.00000000
-0.64659494
0.00000000
-0.68826169
-0.00000000
-0.62905121
0.00000000
-0.58598888
0.00000000
-0.54403073
-0.00000000
-0.61326182
0.00000000
-0.50076157
0.00000000
-0.52754730
0.00000000
-0.52754730
0.00000000
-0.59897578
0.00000000
-0.71326154
0.00000000
-0.53548378
0.00000000
-0.31326163
0.00000000
-0.64659494
0.00000000
-0.56326157
0.00000000
-0.62095392
0.00000000
-0.66620284
0.00000000
-0.53548384
0.00000000
-0.49507970
0.00000000
-0.54403073
0.00000000
-0.49507982
0.00000000
-0.51326168
0.00000000
-0.49507982
0.00000000
-0.56326157
0.00000000
-0.49507970
-0.00000000
-0.73750395
0.00000000
-0.56326157
0.00000000
-0.66620290
0.00000000
-0.31326163
0.00000000
-0.58598888
0.00000000
-0.46710774
-0.00000000
-0.63584208
-0.00000000
-0.73261642
0.00000000
-0.49507970
0.00000000
-0.31326157
0.00000000
-0.71326166
0.00000000
-0.70861036
-0.00000000
-0.66326171
0.00000000
-0.53548384
0.00000000
-0.51326162
0.00000000
-0.52754730
0.00000000
-0.46710774
0.00000000
-0.54403073
0.00000000
-0.51326168
0.00000000
-0.41326159
0.00000000
-0.62095398
0.00000000
-0.49507982
0.00000000
-0.47992817
0.00000000
-0.62576163
-0.00000000
-0.71326166
0.00000000
-0.58598888
0.00000000
-0.31326163
0.00000000
-0.43826157
0.00000000
-0.59897578
0.00000000
-0.68826169
0.00000000
-0.59897578
0.00000000
-0.54403073
0.00000000
-0.43826157
0.00000000
-0.49507970
0.00000000
-0.31326163
0.00000000
-0.49507970
0.00000000
-0.56326157
0.00000000
-0.56326157
0.00000000
-0.54403073
0.00000000
-0.51326168
0.00000000
-0.51326168
0.00000000
-0.53548384
0.00000000
-0.67689794
0.00000000
-0.57992834
0.00000000
-0.59897578
0.00000000
-0.56326157
0.00000000
-0.64659494
0.00000000
-0.56326157
-0.00000000
-0.66326171
0.00000000
-0.62576163
0.00000000
-0.67040443
0.00000000
-0.62095392
0.00000000
-0.60955811
0.00000000
-0.51326168
0.00000000
-0.56326157
0.00000000
-0.49507970
0.00000000
-0.56326157
0.00000000
-0.64659506
0.00000000
-0.49507970
0.00000000
-0.31326163
0.00000000
-0.47992817
0.00000000
-0.43826157
0.00000000
-0.54403073
-0.00000000
-0.66108793
0.00000000
-0.52754730
0.00000000
-0.56326157
-0.00000000
-0.66810030
0.00000000
-0.47992817
0.00000000
-0.42437270
0.00000000
-0.67689794
0.00000000
-0.69787705
0.00000000
-0.31326163
0.00000000
-0.67326170
0.00000000
-0.54855579
0.00000000
-0.62095392
0.00000000
-0.43826157
0.00000000
-0.75770593
0.00000000
-0.56326157
0.00000000
-0.71326154
0.00000000
-0.54403073
-0.00000000
-0.66108793
0.00000000
-0.64659494
0.00000000
-0.61326164
0.00000000
-0.41326159
0.00000000
-0.52754730
0.00000000
-0.61326164
0.00000000
-0.41326159
0.00000000
-0.57992834
0.00000000
-0.31326157
0.00000000
-0.75076175
0.00000000
-0.67040443
0.00000000
-0.59897578
0.00000000
-0.41326159
0.00000000
-0.62576163
0.00000000
-0.47992817
0.00000000
-0.56326157
0.00000000
-0.64659494
0.00000000
-0.42437267
0.00000000
-0.67040443
0.00000000
-0.52754730
0.00000000
-0.41326159
0.00000000
-0.51326162
0.00000000
-0.31326163
0.00000000
-0.42437270
0.00000000
-0.41326159
0.00000000
-0.47992817
0.00000000
-0.58598888
0.00000000
-0.64659494
0.00000000
-0.62576163
0.00000000
-0.54403073
0.00000000
-0.72502625
0.00000000
-0.53548384
-0.00000000
-0.59103954
0.00000000
-0.40417054
0.00000000
-0.62576163
0.00000000
-0.74183309
0.00000000
-0.49507982
0.00000000
-0.56326193
-0.00000000
-0.71326166
0.00000000
-0.70611876
0.00000000
-0.41326159
0.00000000
-0.54403073
0.00000000
-0.64659494
0.00000000
-0.56326157
0.00000000
-0.62095392
0.00000000
-0.42437270
0.00000000
-0.42437270
0.00000000
-0.56326157
0.00000000
-0.47992817
-0.00000000
-0.52378803
0.00000000
-0.31326163
0.00000000
-0.68826169
0.00000000
-0.31326163
0.00000000
-0.41326159
0.00000000
-0.31326163
0.00000000
-0.56326157
0.00000000
-0.59897578
0.00000000
-0.54403073
-0.00000000
-0.76326174
-0.00000000
-0.61326182
-0.00000000
-0.70215046
-0.00000000
-0.59103954
0.00000000
-0.40417069
0.00000000
-0.52754730
0.00000000
-0.43826157
0.00000000
-0.64659494
0.00000000
-0.54403073
0.00000000
-0.56326157
0.00000000
-0.42437270
0.00000000
-0.42437267
0.00000000
-0.72992820
0.00000000
-0.60737932
0.00000000
-0.57992834
-0.00000000
-0.68168265
0.00000000
-0.60737932
0.00000000
-0.56326157
0.00000000
-0.59897578
0.00000000
-0.52754730
0.00000000
-0.62095392
0.00000000
-0.67040449
-0.00000000
-0.62905127
0.00000000
-0.49507970
-0.00000000
-0.64659506
0.00000000
-0.59897578
0.00000000
-0.54403073
0.00000000
-0.31326157
0.00000000
-0.48973224
0.00000000
-0.54403073
0.00000000
-0.54403073
0.00000000
-0.59897578
0.00000000
-0.54403073
0.00000000
-0.41326159
0.00000000
-0.62576163
0.00000000
-0.41326159
-0.00000000
-0.70456606
-0.00000000
-0.69421411
0.00000000
-0.31326163
0.00000000
-0.67040449
0.00000000
-0.69787693
0.00000000
-0.41326159
0.00000000
-0.41326159
0.00000000
-0.62576163
0.00000000
-0.64659494
0.00000000
-0.49507970
0.00000000
-0.58598894
0.00000000
-0.54403073
-0.00000000
-0.70215046
0.00000000
-0.64659494
0.00000000
-0.68826169
-0.00000000
-0.81326187
0.00000000
-0.41326159
0.00000000
-0.51326168
0.00000000
-0.72992820
0.00000000
-0.54403073
-0.00000000
-0.61326182
0.00000000
-0.56326157
0.00000000
-0.64659506
-0.00000000
-0.64659500
0.00000000
-0.62095392
0.00000000
-0.42437270
0.00000000
-0.46710774
0.00000000
-0.31326157
-0.00000000
-0.64659506
0.00000000
-0.62095392
0.00000000
-0.58598888
0.00000000
-0.67689794
0.00000000
-0.58598888
0.00000000
-0.39659491
0.00000000
-0.59326178
0.00000000
-0.77992827
0.00000000
-0.41326159
0.00000000
-0.47992817
0.00000000
-0.53548384
0.00000000
-0.41326159
0.00000000
-0.46710774
-0.00000000
-0.59897608
-0.00000000
-0.68168265
0.00000000
-0.59897578
-0.00000000
-0.64659500
0.00000000
-0.54855579
0.00000000
-0.52754730
0.00000000
-0.49507970
0.00000000
-0.54403073
0.00000000
-0.66620290
-0.00000000
-0.59103954
0.00000000
-0.54855579
0.00000000
-0.54403073
0.00000000
-0.51326168
0.00000000
-0.51326162
0.00000000
-0.51326168
0.00000000
-0.49507970
0.00000000
-0.50076157
0.00000000
-0.43826157
-0.00000000
-0.74183303
0.00000000
-0.62095392
0.00000000
-0.62095392
0.00000000
-0.69787693
0.00000000
-0.41326159
0.00000000
-0.40417069
-0.00000000
-0.66326171
0.00000000
-0.54403073
0.00000000
-0.72235292
0.00000000
-0.40417054
0.00000000
-0.57992834
0.00000000
-0.31326157
0.00000000
-0.31326163
0.00000000
-0.49507982
0.00000000
-0.54403073
0.00000000
-0.58598888
0.00000000
-0.47992817
0.00000000
-0.71326160
0.00000000
-0.77754766
0.00000000
-0.64659494
0.00000000
-0.31326163
0.00000000
-0.49507970
0.00000000
-0.52754730
0.00000000
-0.67689806
0.00000000
-0.31326157
-0.00000000
-0.51326174
0.00000000
-0.57992834
0.00000000
-0.57992834
0.00000000
-0.47992817
0.00000000
-0.41326159
0.00000000
-0.31326163
0.00000000
-0.49507982
0.00000000
-0.31326163
0.00000000
-0.56326157
0.00000000
-0.50076157
-0.00000000
-0.70720094
0.00000000
-0.31326163
0.00000000
-0.41326159
0.00000000
-0.58598894
0.00000000
-0.53548384
0.00000000
-0.31326163
0.00000000
-0.62095392
0.00000000
-0.56326157
0.00000000
-0.51326162
0.00000000
-0.52754730
0.00000000
-0.47992817
0.00000000
-0.47992817
0.00000000
-0.31326163
0.00000000
-0.40417069
0.00000000
-0.64659494
0.00000000
-0.59897578
0.00000000
-0.58598888
0.00000000
-0.52754730
0.00000000
-0.31326157
0.00000000
-0.64659494
0.00000000
-0.41326159
0.00000000
-0.66620284
0.00000000
-0.58598888
0.00000000
-0.64659494
-0.00000000
-0.59897608
0.00000000
-0.77992827
0.00000000
-0.47992817
0.00000000
-0.61326164
0.00000000
-0.45611861
0.00000000
-0.54403073
0.00000000
-0.71326166
0.00000000
-0.71326160
0.00000000
-0.56326157
-0.00000000
-0.52378803
-0.00000000
-0.57641971
-0.00000000
-0.67437249
0.00000000
-0.64659500
0.00000000
-0.64659494
0.00000000
-0.58598906
0.00000000
-0.50076157
0.00000000
-0.59897578
0.00000000
-0.68826169
-0.00000000
-0.59103954
0.00000000
-0.49507982
0.00000000
-0.72992831
0.00000000
-0.54403073
0.00000000
-0.53548384
0.00000000
-0.54855579
0.00000000
-0.72992831
0.00000000
-0.42437270
-0.00000000
-0.69421411
0.00000000
-0.54403073
0.00000000
-0.66620290
0.00000000
-0.51326168
0.00000000
-0.67040443
0.00000000
-0.54403073
0.00000000
-0.41326159
0.00000000
-0.56326157
-0.00000000
-0.53548396
0.00000000
-0.49507970
0.00000000
-0.49507970
0.00000000
-0.59897578
-0.00000000
-0.57641971
0.00000000
-0.56326157
0.00000000
-0.42437270
-0.00000000
-0.59103960
0.00000000
-0.69787699
0.00000000
-0.47992817
0.00000000
-0.49507970
0.00000000
-0.49507970
0.00000000
-0.47992817
0.00000000
-0.40417054
0.00000000
-0.40417054
0.00000000
-0.62576163
0.00000000
-0.54403073
0.00000000
-0.64659494
0.00000000
-0.71326166
0.00000000
-0.43826157
0.00000000
-0.56326157
-0.00000000
-0.64659506
0.00000000
-0.52754730
0.00000000
-0.41326159
0.00000000
-0.40417054
0.00000000
-0.58598894
0.00000000
-0.50076157
-0.00000000
-0.59103954
0.00000000
-0.31326157
-0.00000000
-0.83957762
0.00000000
-0.41326159
0.00000000
-0.58598888
0.00000000
-0.31326163
0.00000000
-0.52754730
0.00000000
-0.41326159
0.00000000
-0.47992817
0.00000000
-0.67040449
0.00000000
-0.72992831
-0.00000000
-0.61326182
0.00000000
-0.58598888
-0.00000000
-0.66461265
0.00000000
-0.47992817
0.00000000
-0.47992817
0.00000000
-0.51326162
0.00000000
-0.47992817
0.00000000
-0.68826169
0.00000000
-0.31326163
0.00000000
-0.49507970
0.00000000
-0.68363196
0.00000000
-0.64659494
0.00000000
-0.65808934
0.00000000
-0.49507982
-0.00000000
-0.64659506
0.00000000
-0.56326157
0.00000000
-0.40417069
0.00000000
-0.49507982
0.00000000
-0.70611876
0.00000000
-0.46710774
0.00000000
-0.31326163
0.00000000
-0.62095392
-0.00000000
-0.51326174
0.00000000
-0.68826169
0.00000000
-0.61326164
0.00000000
-0.58598888
0.00000000
-0.49507970
0.00000000
-0.40417054
0.00000000
-0.41326159
0.00000000
-0.46710774
0.00000000
-0.51326168
0.00000000
-0.51326168
-0.00000000
-0.64659506
0.00000000
-0.56326157
0.00000000
-0.41326159
-0.00000000
-0.66326165
0.00000000
-0.64659494
0.00000000
-0.40417069
0.00000000
-0.64659494
0.00000000
-0.62095392
0.00000000
-0.56326157
-0.00000000
-0.57641971
-0.00000000
-0.62905115
0.00000000
-0.47992817
0.00000000
-0.31326163
0.00000000
-0.31326163
0.00000000
-0.54403073
0.00000000
-0.42437270
0.00000000
-0.56326157
0.00000000
-0.51326168
0.00000000
-0.51326162
0.00000000
-0.49507982
0.00000000
-0.52754730
0.00000000
-0.56326157
0.00000000
-0.56326157
0.00000000
-0.64659494
0.00000000
-0.54403073
0.00000000
-0.40417054
0.00000000
-0.62095392
0.00000000
-0.42437270
0.00000000
-0.52754730
0.00000000
-0.31326163
-0.00000000
-0.56326169
0.00000000
-0.31326163
0.00000000
-0.31326163
0.00000000
-0.64659494
0.00000000
-0.62095392
0.00000000
-0.57992834
0.00000000
-0.49507970
0.00000000
-0.57992834
0.00000000
-0.58598888
0.00000000
-0.58598894
0.00000000
-0.39659491
0.00000000
-0.56326157
0.00000000
-0.53548378
0.00000000
-0.67040443
0.00000000
-0.51326162
0.00000000
-0.31326163
0.00000000
-0.31326163
0.00000000
-0.59897578
0.00000000
-0.49507982
0.00000000
-0.57992834
-0.00000000
-0.64659506
0.00000000
-0.31326157
0.00000000
-0.41326159
0.00000000
-0.78384984
-0.00000000
-0.59103960
0.00000000
-0.71326160
0.00000000
-0.64659494
0.00000000
-0.83326149
0.00000000
-0.51326168
0.00000000
-0.64659494
0.00000000
-0.41326159
0.00000000
-0.56326157
0.00000000
-0.49507970
-0.00000000
-0.66326171
0.00000000
-0.46710774
0.00000000
-0.64659494
0.00000000
-0.52754730
0.00000000
-0.44659480
0.00000000
-0.64659494
0.00000000
-0.72992831
0.00000000
-0.42437270
-0.00000000
-0.68168265
0.00000000
-0.65941554
0.00000000
-0.59897578
0.00000000
-0.53548384
0.00000000
-0.58598888
0.00000000
-0.67040443
0.00000000
-0.62095398
0.00000000
-0.47992817
0.00000000
-0.54403073
0.00000000
-0.56326157
0.00000000
-1.01326168
0.00000000
-0.41326159
0.00000000
-0.40417054
0.00000000
-0.49507970
0.00000000
-0.74183303
0.00000000
-0.46710774
0.00000000
-0.61326164
0.00000000
-0.49507970
0.00000000
-0.62095392
0.00000000
-0.66620284
0.00000000
-0.72235292
0.00000000
-0.46710774
-0.00000000
-0.62905121
0.00000000
-0.57992834
0.00000000
-0.60492826
0.00000000
-0.40417054
0.00000000
-0.64659506
0.00000000
-0.56326157
0.00000000
-0.64659494
0.00000000
-0.78384995
-0.00000000
-0.66326171
0.00000000
-0.57992834
0.00000000
-0.49507982
0.00000000
-0.52754730
-0.00000000
-0.57641971
0.00000000
-0.41326159
0.00000000
-0.52754730
-0.00000000
-0.73431426
0.00000000
-0.31326157
0.00000000
-0.57992834
0.00000000
-0.75326163
0.00000000
-0.66620284
0.00000000
-0.64659494
0.00000000
-0.58598888
0.00000000
-0.40417054
0.00000000
-0.52754730
0.00000000
-0.46710774
0.00000000
-0.51326168
0.00000000
-0.46710774
0.00000000
-0.52754730
0.00000000
-0.57992834
0.00000000
-0.53548384
0.00000000
-0.51326168
-0.00000000
-0.79897583
0.00000000
-0.31326163
0.00000000
-0.31326163
0.00000000
-0.67689794
0.00000000
-0.54403073
0.00000000
-0.62095392
0.00000000
-0.59897578
0.00000000
-0.56326157
-0.00000000
-0.64659506
-0.00000000
-0.62905121
0.00000000
-0.39659491
0.00000000
-0.51326168
0.00000000
-0.40417069
0.00000000
-0.62576163
0.00000000
-0.67040443
0.00000000
-0.54403073
0.00000000
-0.61326164
0.00000000
-0.64659494
0.00000000
-0.75076175
-0.00000000
-0.52378803
0.00000000
-0.41326159
0.00000000
-0.56326157
0.00000000
-0.48973224
0.00000000
-0.54855579
0.00000000
-0.47992817
0.00000000
-0.56326157
0.00000000
-0.31326163
0.00000000
-0.60737926
0.00000000
-0.56326157
-0.00000000
-0.68168271
0.00000000
-0.41326159
0.00000000
-0.56326157
0.00000000
-0.71326166
0.00000000
-0.31326163
0.00000000
-0.60737932
-0.00000000
-0.67437249
0.00000000
-0.71326160
0.00000000
-0.52754730
0.00000000
-0.40417069
0.00000000
-0.42437270
0.00000000
-0.54403073
0.00000000
-0.63469040
0.00000000
-0.49507970
0.00000000
-0.68826169
0.00000000
-0.72502643
0.00000000
-0.50076157
0.00000000
-0.41326159
-0.00000000
-0.70215046
-0.00000000
-0.53548396
-0.00000000
-0.62905121
-0.00000000
-0.64659506
0.00000000
-0.41326159
-0.00000000
-0.62905121
0.00000000
-0.41326159
0.00000000
-0.51326162
0.00000000
-0.56326157
0.00000000
-0.41326159
0.00000000
-0.58598888
-0.00000000
-0.64659506
0.00000000
-0.62095392
-0.00000000
-0.66461295
0.00000000
-0.49507970
0.00000000
-0.60737926
0.00000000
-0.51326168
0.00000000
-0.47992817
0.00000000
-0.59897578
0.00000000
-0.54403073
0.00000000
-0.51326168
0.00000000
-0.58598888
0.00000000
-0.51326168
0.00000000
-0.64659494
0.00000000
-0.59897578
0.00000000
-0.56326157
0.00000000
-0.50076157
0.00000000
-0.51326168
0.00000000
-0.42437270
0.00000000
-0.40417054
0.00000000
-0.62576163
-0.00000000
-0.68168265
0.00000000
-0.47992817
0.00000000
-0.58598894
0.00000000
-0.60737932
0.00000000
-0.42437270
0.00000000
-0.64659494
-0.00000000
-0.62905115
0.00000000
-0.52754730
0.00000000
-0.64659494
0.00000000
-0.31326163
0.00000000
-0.31326163
0.00000000
-0.40417054
0.00000000
-0.58598888
0.00000000
-0.68363196
0.00000000
-0.42437270
-0.00000000
-0.70215046
0.00000000
-1.02754760
0.00000000
-0.58598888
0.00000000
-0.47992817
0.00000000
-0.56326157
0.00000000
-0.44659480
0.00000000
-0.49507970
0.00000000
-0.49507982
0.00000000
-0.67326170
0.00000000
-0.62576163
0.00000000
-0.44659480
0.00000000
-0.68826169
0.00000000
-0.42437270
-0.00000000
-0.66108793
0.00000000
-0.48973224
0.00000000
-0.67040443
0.00000000
-0.62095392
0.00000000
-0.54855579
0.00000000
-0.49507970
-0.00000000
-0.70215046
0.00000000
-0.45611861
0.00000000
-0.41326159
0.00000000
-0.31326163
0.00000000
-0.59897608
0.00000000
-0.68826169
0.00000000
-0.46710774
0.00000000
-0.54403073
0.00000000
-0.72235274
0.00000000
-0.57992834
0.00000000
-0.46710774
0.00000000
-0.49507970
0.00000000
-0.59326178
0.00000000
-0.67689794
-0.00000000
-0.57641971
0.00000000
-0.56326157
0.00000000
-0.31326163
0.00000000
-0.77992827
0.00000000
-0.60737932
0.00000000
-0.57992834
0.00000000
-0.75770593
0.00000000
-0.75076175
0.00000000
-0.62576163
0.00000000
-0.64659506
0.00000000
-0.66620290
0.00000000
-0.31326163
0.00000000
-0.56326157
0.00000000
-0.41326159
0.00000000
-0.59897578
-0.00000000
-0.53548396
0.00000000
-0.46710774
0.00000000
-0.54403073
0.00000000
-0.41326159
0.00000000
-0.57992834
0.00000000
-0.68363196
0.00000000
-0.49507970
0.00000000
-0.52754730
0.00000000
-0.47992817
0.00000000
-0.71326160
0.00000000
-0.68826169
0.00000000
-0.87576193
0.00000000
-0.64659506
0.00000000
-0.40417054
0.00000000
-0.52754730
0.00000000
-0.85871607
0.00000000
-0.51326162
0.00000000
-0.56326157
0.00000000
-0.64659494
0.00000000
-0.42437270
0.00000000
-0.51326168
0.00000000
-0.57992828
-0.00000000
-0.66326171
0.00000000
-0.77992827
0.00000000
-0.54403073
0.00000000
-0.59897578
0.00000000
-0.61326164
0.00000000
-0.31326163
-0.00000000
-0.62905121
0.00000000
-0.31326157
0.00000000
-0.39659491
0.00000000
-0.67689806
0.00000000
-0.62095392
0.00000000
-0.68826169
0.00000000
-0.40417054
0.00000000
-0.41326159
0.00000000
-0.42437270
-0.00000000
-0.62905121
0.00000000
-0.54855579
0.00000000
-0.62576163
0.00000000
-0.72992820
0.00000000
-0.66620284
0.00000000
-0.56326157
0.00000000
-0.59897608
0.00000000
-0.51326162
0.00000000
-0.56326157
0.00000000
-0.49507970
-0.00000000
-0.63758582
0.00000000
-0.39659491
0.00000000
-0.66620284
0.00000000
-0.59897578
0.00000000
-0.54403073
0.00000000
-0.59897578
0.00000000
-0.41326159
0.00000000
-0.54855579
-0.00000000
-0.71326166
0.00000000
-0.43826157
-0.00000000
-0.69421411
0.00000000
-0.61326164
0.00000000
-0.52754730
0.00000000
-0.64659494
0.00000000
-0.31326157
-0.00000000
-0.59103954
0.00000000
-0.62095392
0.00000000
-0.52754730
0.00000000
-0.56326157
0.00000000
-0.56326157
0.00000000
-0.41326159
0.00000000
-0.31326157
0.00000000
-0.47992817
0.00000000
-0.58598888
0.00000000
-0.68826169
0.00000000
-0.51326162
0.00000000
-0.57992834
0.00000000
-0.49507982
0.00000000
-0.75770593
-0.00000000
-0.70215046
-0.00000000
-0.61326188
0.00000000
-0.71326160
0.00000000
-0.51326168
0.00000000
-0.53548384
0.00000000
-0.53548378
0.00000000
-0.57992834
0.00000000
-0.31326157
0.00000000
-1.06326187
0.00000000
-0.40417054
0.00000000
-0.49507970
-0.00000000
-0.70456606
0.00000000
-0.41326159
-0.00000000
-0.59103960
0.00000000
-0.64659494
-0.00000000
-0.71326184
0.00000000
-0.47992817
0.00000000
-0.52754730
0.00000000
-0.31326163
0.00000000
-0.31326157
0.00000000
-0.68826169
0.00000000
-0.42437270
0.00000000
-0.56326157
0.00000000
-0.31326163
0.00000000
-0.53548384
0.00000000
-0.31326163
0.00000000
-0.31326157
-0.00000000
-0.56326169
0.00000000
-0.49507970
0.00000000
-0.49507982
0.00000000
-0.42437270
0.00000000
-0.41326159
0.00000000
-0.56326157
0.00000000
-0.56326157
0.00000000
-0.91326165
0.00000000
-0.58598888
0.00000000
-0.54855579
0.00000000
-0.59897578
0.00000000
-0.67040449
0.00000000
-0.51326162
-0.00000000
-0.57641971
0.00000000
-0.41326159
0.00000000
-0.57992834
0.00000000
-0.62576163
0.00000000
-0.59897578
0.00000000
-0.62576169
0.00000000
-0.47992817
0.00000000
-0.41326159
0.00000000
-0.62095392
0.00000000
-0.64659494
-0.00000000
-0.61326188
-0.00000000
-0.74804419
0.00000000
-0.49507982
0.00000000
-0.46710774
0.00000000
-0.71326172
-0.00000000
-0.59103954
0.00000000
-0.51326168
0.00000000
-0.31326157
0.00000000
-0.49507982
0.00000000
-0.49507982
0.00000000
-0.72992820
0.00000000
-0.58598888
0.00000000
-0.53548384
0.00000000
-0.53548384
-0.00000000
-0.69421411
0.00000000
-0.58598894
0.00000000
-0.56326157
0.00000000
-0.69787705
0.00000000
-0.41326159
0.00000000
-0.58598894
0.00000000
-0.53548384
-0.00000000
-0.66108793
0.00000000
-0.54403073
0.00000000
-0.54403073
0.00000000
-0.31326163
0.00000000
-0.56326157
0.00000000
-0.68826169
0.00000000
-0.51326168
0.00000000
-0.62576163
0.00000000
-0.47992817
0.00000000
-0.47992817
0.00000000
-0.49507970
0.00000000
-0.56326193
0.00000000
-0.56326157
0.00000000
-0.43826157
0.00000000
-0.60737932
0.00000000
-0.64659494
0.00000000
-0.56326157
0.00000000
-0.62576163
0.00000000
-0.57992828
0.00000000
-0.61326164
0.00000000
-0.45611861
-0.00000000
-0.59897608
0.00000000
-0.39659491
0.00000000
-0.46710774
0.00000000
-0.60737932
0.00000000
-0.67040449
-0.00000000
-0.68168271
0.00000000
-0.50076157
0.00000000
-0.40417054
0.00000000
-0.58598888
0.00000000
-0.45611861
0.00000000
-0.42437270
-0.00000000
-0.61760974
0.00000000
-0.42437270
-0.00000000
-0.64659506
0.00000000
-0.51326168
0.00000000
-0.49507982
-0.00000000
-0.70215046
0.00000000
-0.58598888
0.00000000
-0.92864633
0.00000000
-0.31326163
0.00000000
-0.31326157
0.00000000
-0.62576163
0.00000000
-0.72992820
0.00000000
-0.57992834
0.00000000
-0.49507970
0.00000000
-0.62095392
0.00000000
-0.58598888
0.00000000
-0.64659494
0.00000000
-0.54403073
-0.00000000
-0.64659500
-0.00000000
-0.62905127
0.00000000
-0.51326168
0.00000000
-0.59897578
-0.00000000
-0.64659506
0.00000000
-0.56326157
0.00000000
-0.56326157
0.00000000
-0.59326178
0.00000000
-0.49507970
0.00000000
-0.43826157
0.00000000
-0.56326157
0.00000000
-0.46710774
0.00000000
-0.39659491
0.00000000
-0.62095392
0.00000000
-0.57992834
-0.00000000
-0.64659506
0.00000000
-0.49507982
0.00000000
-0.61326164
0.00000000
-0.64659494
-0.00000000
-0.70720094
0.00000000
-0.42437267
0.00000000
-0.40417054
0.00000000
-0.31326157
0.00000000
-0.62095392
-0.00000000
-0.64659506
0.00000000
-0.60737932
0.00000000
-0.54403073
0.00000000
-0.41326159
0.00000000
-0.71326172
0.00000000
-0.51326168
0.00000000
-0.53548384
0.00000000
-0.42437267
0.00000000
-0.56326157
0.00000000
-0.54403073
0.00000000
-0.49507970
0.00000000
-0.64659500
0.00000000
-0.39659491
0.00000000
-0.58598888
-0.00000000
-0.70456606
-0.00000000
-0.64659506
0.00000000
-0.58598888
-0.00000000
-0.75770599
0.00000000
-0.70611876
0.00000000
-0.47992817
0.00000000
-0.51326162
0.00000000
-0.63469017
-0.00000000
-0.59103954
0.00000000
-0.68826169
0.00000000
-0.45611861
0.00000000
-0.39659491
0.00000000
-0.58598894
0.00000000
-0.31326157
-0.00000000
-0.59103954
0.00000000
-0.41326159
0.00000000
-0.64659494
0.00000000
-0.57992834
0.00000000
-0.39659491
0.00000000
-0.66620290
0.00000000
-0.64659494
0.00000000
-0.53548384
0.00000000
-0.62576163
0.00000000
-0.51326162
0.00000000
-0.62095392
0.00000000
-0.49507970
0.00000000
-0.41326159
-0.00000000
-0.61326188
0.00000000
-0.42437267
0.00000000
-0.69787693
-0.00000000
-0.64659506
0.00000000
-0.54403073
0.00000000
-0.40417054
0.00000000
-0.54403073
-0.00000000
-0.57641971
0.00000000
-0.42437270
-0.00000000
-0.56326169
0.00000000
-0.69787693
0.00000000
-0.42437270
0.00000000
-0.47992817
0.00000000
-0.41326159
0.00000000
-0.59897578
0.00000000
-0.46710774
-0.00000000
-0.53548396
0.00000000
-0.62576169
0.00000000
-0.64659494
-0.00000000
-0.64659506
0.00000000
-0.42437270
0.00000000
-0.42437270
0.00000000
-0.66620284
0.00000000
-0.67689806
-0.00000000
-0.66326171
0.00000000
-0.47992817
0.00000000
-0.49507970
0.00000000
-0.68826169
0.00000000
-0.51326168
0.00000000
-0.63144374
0.00000000
-0.59897578
0.00000000
-0.56326157
0.00000000
-0.67326164
0.00000000
-0.51326168
0.00000000
-0.47992817
0.00000000
-0.53548384
0.00000000
-0.59897578
0.00000000
-0.51326168
0.00000000
-0.68826169
0.00000000
-0.62576163
0.00000000
-0.79326171
0.00000000
-0.53548384
0.00000000
-0.68826169
0.00000000
-0.66620284
-0.00000000
-0.66810030
0.00000000
-0.59897578
-0.00000000
-0.70456606
0.00000000
-0.31326163
0.00000000
-0.69787693
0.00000000
-0.64659494
0.00000000
-0.47992817
0.00000000
-0.58598888
0.00000000
-0.59897578
0.00000000
-0.56326157
0.00000000
-0.72235292
0.00000000
-0.56326157
-0.00000000
-0.64659500
0.00000000
-0.57252115
0.00000000
-0.31326163
0.00000000
-0.68826169
-0.00000000
-0.64659506
0.00000000
-0.62360650
0.00000000
-0.64659494
0.00000000
-0.51326168
0.00000000
-0.51326168
-0.00000000
-0.53548396
0.00000000
-0.31326163
0.00000000
-0.67040449
0.00000000
-0.62576163
0.00000000
-0.42437270
0.00000000
-0.65808928
0.00000000
-0.60737932
0.00000000
-0.60737932
0.00000000
-0.40417054
0.00000000
-0.46710774
0.00000000
-0.56326157
0.00000000
-0.62095428
0.00000000
-0.51326168
0.00000000
-0.54403073
0.00000000
-0.54403073
0.00000000
-0.64659494
0.00000000
-0.41326159
0.00000000
-0.59897578
0.00000000
-0.59897578
0.00000000
-0.31326163
-0.00000000
-0.70456606
0.00000000
-0.62095398
0.00000000
-0.68826193
-0.00000000
-0.66326171
0.00000000
-0.41326159
0.00000000
-0.64659494
0.00000000
-0.40417054
0.00000000
-0.62095392
0.00000000
-0.41326159
0.00000000
-0.42437270
0.00000000
-0.68826169
0.00000000
-0.31326163
0.00000000
-0.31326163
0.00000000
-0.58598894
0.00000000
-0.47992817
0.00000000
-0.64659506
0.00000000
-0.56326157
0.00000000
-0.77480018
0.00000000
-0.55326182
0.00000000
-0.64659494
0.00000000
-0.40417054
0.00000000
-0.51326168
0.00000000
-0.40417069
0.00000000
-0.31326163
0.00000000
-0.72992820
0.00000000
-0.64659494
0.00000000
-0.42437270
0.00000000
-0.47992817
0.00000000
-0.53548384
0.00000000
-0.54403073
0.00000000
-0.49507970
0.00000000
-0.51326168
0.00000000
-0.41326159
0.00000000
-0.58598888
0.00000000
-0.51326168
0.00000000
-0.31326157
0.00000000
-0.47992817
0.00000000
-0.68826169
0.00000000
-0.67689794
0.00000000
-0.41326159
0.00000000
-0.56326157
0.00000000
-0.63326174
0.00000000
-0.40417054
-0.00000000
-0.64659506
0.00000000
-0.40417054
0.00000000
-0.56326157
0.00000000
-0.63144374
0.00000000
-0.51326168
0.00000000
-0.57992834
0.00000000
-0.56326157
0.00000000
-0.39659491
0.00000000
-0.59897578
0.00000000
-0.52754730
0.00000000
-0.67040443
0.00000000
-0.68826169
0.00000000
-0.76780707
0.00000000
-0.40417054
0.00000000
-0.52754730
0.00000000
-0.58598900
0.00000000
-0.59897578
0.00000000
-0.31326163
0.00000000
-0.64659494
0.00000000
-0.51326168
0.00000000
-0.40417054
0.00000000
-0.52754730
0.00000000
-0.56326157
0.00000000
-0.40417054
0.00000000
-0.53548378
-0.00000000
-0.68826139
0.00000000
-0.73633868
0.00000000
-0.64659494
-0.00000000
-0.59897608
-0.00000000
-0.61326182
0.00000000
-0.54403073
0.00000000
-0.59897578
0.00000000
-0.47992817
0.00000000
-0.42437270
0.00000000
-0.31326163
0.00000000
-0.62576187
0.00000000
-0.64659494
0.00000000
-0.42437270
0.00000000
-0.57992834
0.00000000
-0.64659494
0.00000000
-0.47992817
-0.00000000
-0.69421411
0.00000000
-0.49507982
0.00000000
-0.52754730
0.00000000
-0.72992831
0.00000000
-0.46710774
0.00000000
-0.56326157
0.00000000
-0.61326164
0.00000000
-0.49507982
0.00000000
-0.51326168
0.00000000
-0.41326159
0.00000000
-0.39659491
-0.00000000
-0.61326188
0.00000000
-0.54403073
0.00000000
-0.62095392
0.00000000
-0.49507970
0.00000000
-0.41326159
0.00000000
-0.59897578
0.00000000
-0.51326162
0.00000000
-0.31326157
0.00000000
-0.56326157
-0.00000000
-0.71326143
0.00000000
-0.64659494
-0.00000000
-0.68469012
0.00000000
-0.41326159
0.00000000
-0.71326160
0.00000000
-0.62095392
0.00000000
-0.56326157
0.00000000
-0.31326163
0.00000000
-0.62095392
0.00000000
-0.40417054
0.00000000
-0.47992817
0.00000000
-0.41326159
0.00000000
-0.47992817
0.00000000
-0.42437270
0.00000000
-0.67911512
-0.00000000
-0.70035809
0.00000000
-0.59897578
0.00000000
-0.81326193
0.00000000
-0.47992817
0.00000000
-0.31326163
0.00000000
-0.66620290
0.00000000
-0.68826169
0.00000000
-0.52754730
0.00000000
-0.41326159
0.00000000
-0.53548384
-0.00000000
-0.71326166
-0.00000000
-0.53548396
0.00000000
-0.56326157
0.00000000
-0.49507982
0.00000000
-0.31326163
0.00000000
-0.47992817
-0.00000000
-0.68168265
-0.00000000
-0.62905115
0.00000000
-0.60737932
0.00000000
-0.57992834
0.00000000
-0.41326159
0.00000000
-0.51326168
0.00000000
-0.68826169
0.00000000
-0.59897578
0.00000000
-0.66620284
0.00000000
-0.58598888
-0.00000000
-0.81326187
0.00000000
-0.41326159
0.00000000
-0.60737932
0.00000000
-0.67040449
0.00000000
-0.56326157
0.00000000
-0.57992834
0.00000000
-0.54403073
-0.00000000
-0.59103954
0.00000000
-0.77159500
0.00000000
-0.62576169
-0.00000000
-0.59897608
0.00000000
-0.56326157
0.00000000
-0.31326157
0.00000000
-0.67040443
0.00000000
-0.61326164
0.00000000
-0.62095392
0.00000000
-0.56326157
0.00000000
-0.72502643
0.00000000
-0.47992817
0.00000000
-0.56326157
0.00000000
-0.60492867
0.00000000
-0.62095392
0.00000000
-0.57992834
0.00000000
-0.47992817
0.00000000
-0.52754730
-0.00000000
-0.68168265
0.00000000
-0.54403073
0.00000000
-0.31326157
-0.00000000
-0.62905121
0.00000000
-0.52754730
-0.00000000
-0.57641971
0.00000000
-0.31326157
0.00000000
-0.31326157
-0.00000000
-0.79152274
0.00000000
-0.49507970
-0.00000000
-0.70215046
-0.00000000
-0.70035809
0.00000000
-0.46710774
0.00000000
-0.62576163
0.00000000
-0.50076157
-0.00000000
-0.70456606
0.00000000
-0.57992834
0.00000000
-0.51326168
0.00000000
-0.66620290
0.00000000
-0.60737932
-0.00000000
-0.66326171
0.00000000
-0.42437270
0.00000000
-0.54403073
0.00000000
-0.57252115
0.00000000
-0.49507970
0.00000000
-0.51326162
0.00000000
-0.47992817
-0.00000000
-0.59103954
0.00000000
-0.41326159
0.00000000
-0.46710774
0.00000000
-0.54403073
0.00000000
-0.47992817
0.00000000
-0.42437270
0.00000000
-0.54403073
0.00000000
-0.67040443
0.00000000
-0.67040443
0.00000000
-0.62095392
0.00000000
-0.59897578
0.00000000
-0.58598894
0.00000000
-0.40417069
0.00000000
-0.43826157
0.00000000
-0.56326157
0.00000000
-0.57992834
0.00000000
-0.64659494
-0.00000000
-0.53548396
0.00000000
-0.54403073
0.00000000
-0.64659494
0.00000000
-0.51326168
0.00000000
-0.69787699
-0.00000000
-0.70456606
0.00000000
-0.68826169
0.00000000
-0.47992817
0.00000000
-0.31326157
0.00000000
-0.56326157
0.00000000
-0.59897578
0.00000000
-0.60737932
0.00000000
-0.57992834
0.00000000
-0.31326157
0.00000000
-0.58598906
-0.00000000
-0.64659506
0.00000000
-0.67689794
0.00000000
-0.63144374
0.00000000
-0.49507970
0.00000000
-0.59897578
0.00000000
-0.31326163
-0.00000000
-0.70215046
-0.00000000
-0.57641971
0.00000000
-0.49507970
0.00000000
-0.71326160
0.00000000
-0.54403073
0.00000000
-0.40417054
0.00000000
-0.54403073
0.00000000
-0.47992817
0.00000000
-0.40417069
0.00000000
-0.72235292
0.00000000
-0.41326159
0.00000000
-0.58598888
0.00000000
-0.47992817
0.00000000
-0.62576163
0.00000000
-0.49507970
0.00000000
-0.43826157
0.00000000
-0.31326163
-0.00000000
-0.64659500
0.00000000
-0.42437270
0.00000000
-0.42437270
0.00000000
-0.72705466
-0.00000000
-0.68168265
0.00000000
-0.49507982
0.00000000
-0.39659491
0.00000000
-0.67040443
0.00000000
-0.47992817
0.00000000
-0.56326157
0.00000000
-0.62095392
0.00000000
-0.57992834
-0.00000000
-0.66326165
-0.00000000
-0.59103954
0.00000000
-0.39659491
0.00000000
-0.41326159
0.00000000
-0.72502625
0.00000000
-0.66620284
-0.00000000
-0.73431420
0.00000000
-0.57992834
0.00000000
-0.49507970
0.00000000
-0.61326164
0.00000000
-0.64659494
0.00000000
-0.52754730
0.00000000
-0.56326157
0.00000000
-0.71326172
0.00000000
-0.45611861
0.00000000
-0.62576163
0.00000000
-0.57992834
0.00000000
-0.71326166
0.00000000
-0.42437270
0.00000000
-0.64659494
0.00000000
-0.57992828
-0.00000000
-0.71326166
-0.00000000
-0.59897608
0.00000000
-0.58598894
0.00000000
-0.64659500
0.00000000
-0.64659500
0.00000000
-0.64659494
0.00000000
-0.62095392
0.00000000
-0.47992817
-0.00000000
-0.68168265
0.00000000
-0.40417069
-0.00000000
-0.66108793
0.00000000
-0.52754730
0.00000000
-0.42437270
0.00000000
-0.71326166
0.00000000
-0.49507982
0.00000000
-0.71326160
0.00000000
-0.42437267
0.00000000
-0.31326157
0.00000000
-0.62576163
0.00000000
-0.42437270
0.00000000
-0.42437270
0.00000000
-0.52754730
-0.00000000
-0.62905121
0.00000000
-0.49507970
0.00000000
-0.63326174
0.00000000
-0.81326169
0.00000000
-0.68826169
0.00000000
-0.64659494
0.00000000
-0.54403073
0.00000000
-0.51326168
0.00000000
-0.50076157
0.00000000
-0.56326157
-0.00000000
-0.52378803
0.00000000
-0.76780701
0.00000000
-0.31326157
0.00000000
-0.42437270
0.00000000
-0.42437270
0.00000000
-0.65941554
0.00000000
-0.61326164
0.00000000
-0.46710774
0.00000000
-0.54403073
0.00000000
-0.39018458
0.00000000
-0.49507982
0.00000000
-0.59897578
0.00000000
-0.62576187
0.00000000
-0.58598894
0.00000000
-0.58912385
0.00000000
-0.42437270
0.00000000
-0.43826157
0.00000000
-0.54403073
0.00000000
-0.40417054
0.00000000
-0.46710774
0.00000000
-0.49507970
0.00000000
-0.49507970
0.00000000
-0.53548384
-0.00000000
-0.57413125
0.00000000
-0.41326159
0.00000000
-0.78384984
0.00000000
-0.42437270
0.00000000
-0.56326157
0.00000000
-0.47992817
0.00000000
-0.46710774
0.00000000
-0.47992817
0.00000000
-1.01326168
0.00000000
-0.31326163
0.00000000
-0.46710774
0.00000000
-0.47992817
0.00000000
-0.52754730
0.00000000
-0.54403073
0.00000000
-0.64659500
0.00000000
-0.62576163
0.00000000
-0.58598888
0.00000000
-0.65941548
0.00000000
-0.60737932
0.00000000
-0.31326163
0.00000000
-0.67040449
0.00000000
-0.31326163
-0.00000000
-0.59103954
0.00000000
-0.66620284
0.00000000
-0.49507970
0.00000000
-0.53548378
0.00000000
-0.53548384
0.00000000
-0.59897602
0.00000000
-0.71326160
0.00000000
-0.69787699
0.00000000
-0.41326159
-0.00000000
-0.64659506
0.00000000
-0.49507970
0.00000000
-0.71326166
0.00000000
-0.54403073
-0.00000000
-0.66810030
0.00000000
-0.56326157
0.00000000
-0.87576193
0.00000000
-0.51326168
0.00000000
-0.47992817
0.00000000
-0.67689794
0.00000000
-0.58598888
0.00000000
-0.52754730
0.00000000
-0.49507970
0.00000000
-0.93826193
0.00000000
-0.46710774
0.00000000
-0.69787693
0.00000000
-0.64659494
0.00000000
-0.74183309
0.00000000
-0.49507970
0.00000000
-0.54403073
0.00000000
-0.66620284
0.00000000
-0.49507970
0.00000000
-0.42437270
0.00000000
-0.56326157
0.00000000
-0.51326162
0.00000000
-0.59897578
0.00000000
-0.56326157
0.00000000
-0.62095392
0.00000000
-0.42437270
0.00000000
-0.67689794
0.00000000
-0.54855579
-0.00000000
-0.64659500
0.00000000
-0.31326163
0.00000000
-0.52754730
0.00000000
-0.62576169
0.00000000
-0.67040443
0.00000000
-0.52754730
0.00000000
-0.54855579
0.00000000
-0.59897578
0.00000000
-0.62095392
0.00000000
-0.56326157
0.00000000
-0.65472466
0.00000000
-0.62095392
0.00000000
-0.56326157
0.00000000
-0.58598894
-0.00000000
-0.64659506
0.00000000
-0.42437270
0.00000000
-0.41326159
0.00000000
-0.42437267
0.00000000
-0.41326159
0.00000000
-0.64659494
0.00000000
-0.49507970
0.00000000
-0.51326168
0.00000000
-0.56326157
0.00000000
-0.49507970
0.00000000
-0.46710774
0.00000000
-0.66620284
0.00000000
-0.49507970
0.00000000
-0.41326159
0.00000000
-0.57992834
0.00000000
-0.51326168
0.00000000
-0.54403073
0.00000000
-0.74183297
0.00000000
-0.47992817
-0.00000000
-0.59103954
0.00000000
-0.69787705
0.00000000
-0.31326163
0.00000000
-0.41326159
-0.00000000
-0.64659500
-0.00000000
-0.64659500
0.00000000
-0.31326163
-0.00000000
-0.63584208
-0.00000000
-0.78945231
0.00000000
-0.59897578
0.00000000
-0.69787693
0.00000000
-0.53548384
0.00000000
-0.68826169
0.00000000
-0.47992817
0.00000000
-0.58598888
0.00000000
-0.72502625
-0.00000000
-0.68168265
0.00000000
-0.58598894
0.00000000
-0.51326162
-0.00000000
-0.73431420
0.00000000
-0.68826193
0.00000000
-0.56326157
0.00000000
-0.61326164
0.00000000
-0.42437270
-0.00000000
-0.73431426
0.00000000
-0.49507970
0.00000000
-0.64659494
0.00000000
-0.49507970
0.00000000
-0.47992817
-0.00000000
-0.68168271
0.00000000
-0.52754730
0.00000000
-0.51326168
0.00000000
-0.56326157
0.00000000
-0.61326164
0.00000000
-0.57992834
0.00000000
-0.49507982
0.00000000
-0.42437270
0.00000000
-0.47992817
0.00000000
-0.51326168
-0.00000000
-0.62905121
0.00000000
-0.64659494
-0.00000000
-0.66810030
0.00000000
-0.51326168
0.00000000
-0.69787699
0.00000000
-0.49507982
0.00000000
-0.58598888
0.00000000
-0.64659506
0.00000000
-0.56326157
0.00000000
-0.41326159
0.00000000
-0.54855579
0.00000000
-0.69787699
0.00000000
-0.31326163
0.00000000
-0.59897578
0.00000000
-0.49507970
0.00000000
-0.31326163
0.00000000
-0.66620290
0.00000000
-0.44659480
-0.00000000
-0.64659506
0.00000000
-0.56326157
0.00000000
-0.51326168
0.00000000
-0.59897578
0.00000000
-0.67689794
0.00000000
-0.53548384
0.00000000
-0.62095392
0.00000000
-0.56326157
0.00000000
-0.53548384
0.00000000
-0.56326157
-0.00000000
-0.77992821
0.00000000
-0.58598888
0.00000000
-0.56326157
0.00000000
-0.49507970
0.00000000
-0.47992817
0.00000000
-0.56326157
0.00000000
-0.57992834
0.00000000
-0.47992817
0.00000000
-0.54403073
0.00000000
-0.69787693
0.00000000
-0.58598906
0.00000000
-0.40417054
0.00000000
-0.58598888
0.00000000
-0.49507970
0.00000000
-0.67040443
0.00000000
-0.58598888
0.00000000
-0.68826169
0.00000000
-0.92864615
0.00000000
-0.59897578
-0.00000000
-0.66108793
0.00000000
-0.31326157
0.00000000
-0.53548384
-0.00000000
-0.61629194
0.00000000
-0.96032053
0.00000000
-0.49507970
0.00000000
-0.41326159
0.00000000
-0.56326157
0.00000000
-0.41326159
0.00000000
-0.54403073
-0.00000000
-0.61326182
0.00000000
-0.52754730
0.00000000
-0.47992817
0.00000000
-0.71326160
0.00000000
-0.58598888
0.00000000
-0.39659491
0.00000000
-0.68535429
-0.00000000
-0.57641971
0.00000000
-0.52754730
-0.00000000
-0.57641971
-0.00000000
-0.89220923
0.00000000
-0.51326162
0.00000000
-0.40417069
0.00000000
-0.54403073
-0.00000000
-0.59103954
0.00000000
-0.60492826
0.00000000
-0.71326166
0.00000000
-0.72992831
0.00000000
-0.64659494
0.00000000
-0.57992834
0.00000000
-0.61326164
0.00000000
-0.58598888
0.00000000
-0.52754730
-0.00000000
-0.69421411
0.00000000
-0.74183309
0.00000000
-0.39659491
-0.00000000
-0.70215046
0.00000000
-0.61326164
0.00000000
-0.56326157
-0.00000000
-0.70456606
0.00000000
-0.54403073
0.00000000
-0.52754730
0.00000000
-0.77992827
0.00000000
-0.73879355
0.00000000
-0.60737932
0.00000000
-0.49507970
0.00000000
-0.41326159
-0.00000000
-0.61760974
0.00000000
-0.46710774
-0.00000000
-0.64659506
0.00000000
-0.54403073
-0.00000000
-0.78945231
0.00000000
-0.39659491
0.00000000
-0.49507970
0.00000000
-0.31326157
0.00000000
-0.46710774
0.00000000
-0.52754730
0.00000000
-0.42437267
0.00000000
-0.41326159
0.00000000
-0.31326163
0.00000000
-0.49507982
0.00000000
-0.60737932
0.00000000
-0.62095428
0.00000000
-0.60737932
0.00000000
-0.47992817
0.00000000
-0.40417054
0.00000000
-0.54403073
0.00000000
-0.49507970
-0.00000000
-0.62905121
0.00000000
-0.92864615
0.00000000
-0.49507970
-0.00000000
-0.73431402
0.00000000
-0.56326157
-0.00000000
-0.71326166
0.00000000
-0.72992820
0.00000000
-0.31326163
0.00000000
-0.67326170
0.00000000
-0.64659494
0.00000000
-0.64659494
-0.00000000
-0.64659500
0.00000000
-0.56326157
0.00000000
-0.31326163
0.00000000
-0.46710774
0.00000000
-0.58598888
0.00000000
-0.42437270
0.00000000
-0.64659500
0.00000000
-0.64659494
0.00000000
-0.59897578
0.00000000
-0.64659494
0.00000000
-0.52754730
0.00000000
-0.75076175
-0.00000000
-0.66108793
-0.00000000
-0.59897608
0.00000000
-0.47992817
0.00000000
-0.71326172
0.00000000
-0.59897578
0.00000000
-0.58598888
0.00000000
-0.49507970
0.00000000
-0.85871607
0.00000000
-0.62576163
0.00000000
-0.64659506
0.00000000
-0.46710774
0.00000000
-0.56326157
0.00000000
-0.46710774
0.00000000
-0.56326157
0.00000000
-0.45611861
0.00000000
-0.41326159
0.00000000
-0.49507970
0.00000000
-0.57992834
0.00000000
-0.56326157
0.00000000
-0.59897578
0.00000000
-0.52754730
0.00000000
-0.62576169
0.00000000
-0.51326168
0.00000000
-0.68826169
0.00000000
-0.49507982
0.00000000
-0.47992817
0.00000000
-0.62095398
-0.00000000
-0.62905121
0.00000000
-0.40417054
0.00000000
-0.57992834
0.00000000
-0.56326157
0.00000000
-0.64659494
0.00000000
-0.40417054
0.00000000
-0.51326168
0.00000000
-0.47992817
0.00000000
-0.77992827
0.00000000
-0.57992834
0.00000000
-0.52754730
0.00000000
-0.49507970
0.00000000
-0.61326164
0.00000000
-0.47992817
-0.00000000
-0.81326193
-0.00000000
-0.59103954
0.00000000
-0.51326168
0.00000000
-0.60492867
0.00000000
-0.67040449
0.00000000
-0.42437270
-0.00000000
-0.61326188
0.00000000
-0.72705460
0.00000000
-0.68826169
0.00000000
-0.47992817
0.00000000
-0.54403073
-0.00000000
-0.66326165
0.00000000
-0.51326168
0.00000000
-0.67040443
0.00000000
-0.62095392
0.00000000
-0.31326157
0.00000000
-0.56326157
0.00000000
-0.53548384
0.00000000
-0.39659491
0.00000000
-0.68826169
0.00000000
-0.60737932
0.00000000
-0.39659491
0.00000000
-0.41326159
0.00000000
-0.54403073
0.00000000
-0.49507970
0.00000000
-0.56326157
0.00000000
-0.46710774
0.00000000
-0.41326159
0.00000000
-0.40417054
0.00000000
-0.51326168
0.00000000
-0.67689794
0.00000000
-0.60737932
-0.00000000
-0.71326166
0.00000000
-0.71326166
0.00000000
-0.49507970
-0.00000000
-0.64659506
0.00000000
-0.62576163
0.00000000
-0.51326168
0.00000000
-0.61326164
0.00000000
-0.51326162
0.00000000
-0.64659494
0.00000000
-0.67040449
0.00000000
-0.51326168
0.00000000
-0.42437270
0.00000000
-0.31326163
0.00000000
-0.31326163
0.00000000
-0.46710774
0.00000000
-0.42437270
0.00000000
-0.46710774
0.00000000
-0.59897578
0.00000000
-0.41326159
0.00000000
-0.45611861
0.00000000
-0.50076157
0.00000000
-0.49507970
0.00000000
-0.51326168
0.00000000
-0.46710774
0.00000000
-0.58598888
0.00000000
-0.58598888
0.00000000
-0.58598888
-0.00000000
-0.71326166
0.00000000
-0.41326159
0.00000000
-0.51326162
0.00000000
-0.59897578
0.00000000
-0.52754730
0.00000000
-0.47992817
-0.00000000
-0.68168265
0.00000000
-0.54855579
0.00000000
-0.49507970
0.00000000
-0.49507970
-0.00000000
-0.64659506
0.00000000
-0.60737932
0.00000000
-0.63144374
0.00000000
-0.72705466
0.00000000
-0.42437270
0.00000000
-0.52754730
0.00000000
-0.52754730
0.00000000
-0.31326157
0.00000000
-0.56326157
-0.00000000
-0.68168271
0.00000000
-0.54403073
0.00000000
-0.69787705
-0.00000000
-0.56326169
0.00000000
-0.64659494
0.00000000
-0.47992817
0.00000000
-0.67040449
0.00000000
-0.41326159
0.00000000
-0.67689794
0.00000000
-0.62095392
0.00000000
-0.42437270
0.00000000
-0.60737932
0.00000000
-0.57992834
0.00000000
-0.49507970
0.00000000
-0.39018458
0.00000000
-0.59897608
0.00000000
-0.58598894
-0.00000000
-0.75770599
0.00000000
-0.62095392
-0.00000000
-0.66461295
0.00000000
-0.64659494
0.00000000
-0.64659494
0.00000000
-0.68826193
0.00000000
-0.40417054
-0.00000000
-0.56326169
0.00000000
-0.41326159
0.00000000
-0.69257182
0.00000000
-0.51326168
0.00000000
-0.49507970
0.00000000
-0.47992817
0.00000000
-0.54403073
-0.00000000
-0.81326193
0.00000000
-0.57992834
0.00000000
-0.56326157
0.00000000
-0.62095392
-0.00000000
-0.66326171
0.00000000
-0.58249277
0.00000000
-0.67040443
0.00000000
-0.31326163
0.00000000
-0.42437270
0.00000000
-0.56326157
0.00000000
-0.43826157
0.00000000
-0.46710774
0.00000000
-0.42437270
0.00000000
-0.49507970
0.00000000
-0.42437270
-0.00000000
-0.76326180
0.00000000
-0.39659491
0.00000000
-0.67040443
-0.00000000
-0.76326174
0.00000000
-0.49507970
0.00000000
-0.49507982
-0.00000000
-0.76326185
-0.00000000
-0.57641971
0.00000000
-0.31326163
0.00000000
-0.42437270
0.00000000
-0.31326163
0.00000000
-0.56326157
0.00000000
-0.42437270
0.00000000
-0.97992831
0.00000000
-0.49507982
0.00000000
-0.54855579
0.00000000
-0.75076175
0.00000000
-0.51326168
0.00000000
-0.51326162
0.00000000
-0.67689794
0.00000000
-0.51326168
0.00000000
-0.39659491
0.00000000
-0.71326160
0.00000000
-0.31326157
