0.00000000
0.00000000
0.03125000
0.00035948
0.00082894
0.00070251
0.00028613
0.00013694
0.00011401
0.00014535
0.00013345
0.00002925
0.00035856
0.00034638
0.00009539
0.00003324
0.00038034
0.00051680
0.00026000
0.03637190
0.00031112
0.00024445
0.00034904
0.00032668
0.03244570
0.00007984
0.00014691
0.00050997
0.00128868
0.00163251
0.00099428
0.00020404
0.00072346
0.00102710
0.00101544
0.00116204
0.00070578
0.02852578
0.00032072
0.00088344
0.00141120
0.00137475
0.00087518
0.00038473
0.00038273
0.02797834
0.00023947
0.00015089
0.00005697
0.00019319
0.00002484
0.00048811
0.00010737
0.00007120
0.00033179
0.00016516
0.02742669
0.00000017
0.00004962
0.00029512
0.00045469
0.00022915
0.00028735
0.00003545
0.00001066
0.00023785
0.00030010
0.00051380
0.00050709
0.00031579
0.00019639
0.00027792
0.00000006
0.00009461
0.00007770
0.00009585
0.00029278
0.00004592
0.00017895
0.00001116
0.00021759
0.00008271
0.00009866
0.00006917
0.00001907
0.00000061
0.00017565
0.00005510
0.00002366
0.00003389
0.00000883
0.00049449
0.00001116
0.02696705
0.00000386
0.00008371
0.00018569
0.00038535
0.00021447
0.00004698
0.00017888
0.00014116
0.00029226
0.00026997
0.00020661
0.00029051
0.00004865
0.00000420
0.00018874
0.00004571
0.00015051
0.00005247
0.00013660
0.02743475
0.00007133
0.00025545
0.00024756
0.00020781
0.00000013
0.00022986
0.00013445
0.00029683
0.00010229
0.00007452
0.00040624
0.00001258
0.00037644
0.00038066
0.00001313
0.00000123
0.00057211
0.00041286
0.00005915
0.00008287
0.00009143
0.00026908
0.00011247
0.00017067
0.00000142
0.00021943
0.00000675
0.00000418
0.00018693
0.00032494
0.00015809
0.00003773
0.00032964
0.00006309
0.00007124
0.00003150
0.00013524
0.00026025
0.00000173
0.00012825
0.00004563
0.00000005
0.02750288
0.00018886
0.00018588
0.00026359
0.00034113
0.00022576
0.00016656
0.00002108
0.00023566
0.00024337
0.00033986
0.00041506
0.00009800
0.00018705
0.00012834
0.00003348
0.00004768
0.02746826
0.00026342
0.00051821
0.00034695
0.00047401
0.00005600
0.00028519
0.00023385
0.00038813
0.00037015
0.00046266
0.00022559
0.00021913
0.00015155
0.00001850
0.00033391
0.00008767
0.00007631
0.00032896
0.00014109
0.00004565
0.00004690
0.00020675
0.00034264
0.00013572
0.00010771
0.00006305
0.00002965
0.02775367
0.02760905
0.00067611
0.00132128
0.00143574
0.00112821
0.00065233
0.00016487
0.00043414
0.00039383
0.00094985
0.00121348
0.00093253
0.00051803
0.00036832
0.00034261
0.00010978
0.00026468
0.00035980
0.00052267
0.00037285
0.00019105
0.00046923
0.00011418
0.00025385
0.00016998
0.00034959
0.00027881
0.00008045
0.00016838
0.00009465
0.00001410
0.00014807
0.00018340
0.00005818
0.02731832
0.00022792
0.00035840
0.00063316
0.00012232
0.00003782
0.00021045
0.00008380
0.00009474
0.00045731
0.00021788
0.00016087
0.00022702
0.00008691
0.00000212
0.00014921
0.00045147
0.00006205
0.00015595
0.00014225
0.00000956
0.00001357
0.00006104
0.02763428
0.02727251
0.00021693
0.00070580
0.00090375
0.00075818
0.00051082
0.00035821
0.00002961
0.00063265
0.00043945
0.02738246
0.00049257
0.00031979
0.00020435
0.00021565
0.00008463
0.00010667
0.00031773
0.00028455
0.00024727
0.00019975
0.00001288
0.00003640
0.00010750
0.00046754
0.00017456
0.00010438
0.00006867
0.00044582
0.00018579
0.00000000
0.00011271
0.00005252
0.00039797
0.00003354
0.00000971
0.00000005
0.00001524
0.00034893
0.00018606
0.00019760
0.00020726
0.00005317
0.00003878
0.00002129
0.00033015
0.00000141
0.00016136
0.00000474
0.00000395
0.02703699
0.00022497
0.00046857
0.00034731
0.00015720
0.00008703
0.00002808
0.00033674
0.00036086
0.00027189
0.00020039
0.00037522
0.00033638
0.00028299
0.02721728
0.00001221
0.00014402
0.00048000
0.00040091
0.00037576
0.00024794
0.02696899
0.00027575
0.00076049
0.00021501
0.00002761
0.00024245
0.00064308
0.00054174
0.00039630
0.00063397
0.00025524
0.00018298
0.00026126
0.02695107
0.00008049
0.00042862
0.00079088
0.00046034
0.00083779
0.00049040
0.00000910
0.00020674
0.00050304
0.00065569
0.00063017
0.00049163
0.00042011
0.00023948
0.00007026
0.00017143
0.02691387
0.00044888
0.00072272
0.00070911
0.00081116
0.00056761
0.00032358
0.00019804
0.05377953
0.02707518
0.00029274
0.00013648
0.00032503
0.00060597
0.00023788
0.00049494
0.00061412
0.00047497
0.00035184
0.00060046
0.00028597
0.00075993
0.02677616
0.00056077
0.00056062
0.00025361
0.00005400
0.00033565
0.02617657
0.00046591
0.00050797
0.00024814
0.00039599
0.00054599
0.00024989
0.00029513
0.00015790
0.00048058
0.00076847
0.00053673
0.00074035
0.00043352
0.00035053
0.00005281
0.00025306
0.00001046
0.00048906
0.00005677
0.00003340
0.02614868
0.00055161
0.00035785
0.00011538
0.00008850
0.00005057
0.00004158
0.00024300
0.00027867
0.00006503
0.00032711
0.02663809
0.00002552
0.00047754
0.00025466
0.00028521
0.00052883
0.00003226
0.00049118
0.02602996
0.00048876
0.00025374
0.00000912
0.00024985
0.00073617
0.00024965
0.00002541
0.00029042
0.00006952
0.00007703
0.00053442
0.00100089
0.00006066
0.00027946
0.00072938
0.02615956
0.00000879
0.00003245
0.00009521
0.02646190
0.00096160
0.00033812
0.00029231
0.00041309
0.00010167
0.00059181
0.00030165
0.02610381
0.00083096
0.00057083
0.00006519
0.00028967
0.00002229
0.00027105
0.02589268
0.00055730
0.00012096
0.00016880
0.00042302
0.00063993
0.00004640
0.00053203
0.00001641
0.00085431
0.02618991
0.00012049
0.00005875
0.00028687
0.00080799
0.02599129
0.00004924
0.00039475
0.00042279
0.00015248
0.00038864
0.00031880
0.00000243
0.00031701
0.00033709
0.00039083
0.00016024
0.00043796
0.00041936
0.00009715
0.02569199
0.00028983
0.00008549
0.00047405
0.00025516
0.00080749
0.00016816
0.00035268
0.00029505
0.00001594
0.00007802
0.00042557
0.00074697
0.00103998
0.00021436
0.00071250
0.00012899
0.00087197
0.00006828
0.00083878
0.00030481
0.00053650
0.00000943
0.00000216
0.00000011
0.00024818
0.00002262
0.00074987
0.00002136
0.00025522
0.00002394
0.00048755
0.00002876
0.00002544
0.00001676
0.00023131
0.00044780
0.00000309
0.00021794
0.00000352
0.00063983
0.00063487
0.00001882
0.00045120
0.00005630
0.00027990
0.00044161
0.00024857
0.00004611
0.00023516
0.00022541
0.00000612
0.00024284
0.00036167
0.00036688
0.00018318
0.00000702
0.00017613
0.00017951
0.00018195
0.00001951
0.00034143
0.00001975
0.00017357
0.00032404
0.00001177
0.00000748
0.00000432
0.00015206
0.00014877
0.00014919
0.00000000
0.00029029
0.00014551
0.00014726
0.00001184
0.00015197
0.00029506
0.00029031
0.00029947
0.00003201
0.00029168
0.00029286
0.00003366
0.00039183
0.00037996
0.00026340
0.00026547
0.00026596
0.00015097
0.00014992
0.00003571
0.00012194
0.00012793
0.00000875
0.00010550
0.00030170
0.00000262
0.00009711
0.00009591
0.00009463
0.00000426
0.00009637
0.00009765
0.00001207
0.00000884
0.00009198
0.00000405
0.00000144
0.00008374
0.00000005
0.00000049
0.00016369
0.00008131
0.00016058
0.00000309
0.00016335
0.00008724
0.00016882
0.00002358
0.00009693
0.00016538
0.00009428
0.00015453
0.00001111
0.00014409
0.00014024
0.00009663
0.00007675
0.00007420
0.00000711
0.00000515
0.00000262
0.00006252
0.00006148
0.00006072
0.00006022
0.00000096
0.00006071
0.00000218
0.00006070
0.00005916
0.00011469
0.00005929
0.00011563
0.00011644
0.00006618
0.00001576
0.00001259
0.00011039
0.00005643
0.00005772
0.00005273
0.00005024
0.00011757
0.00001315
0.00005130
0.00004932
0.00009430
0.00004774
0.00013636
0.00005053
0.00005346
0.00009465
0.00009482
0.00001362
0.00005024
0.00004657
0.00008059
0.00003920
0.00000440
0.00003884
0.00000113
0.00003878
0.00000011
0.00003466
0.00010266
0.00003524
0.00003659
0.00000601
0.00000631
0.00000599
0.00003534
0.00003422
0.00003368
0.00000150
0.00000004
0.00003085
0.00000075
0.00008946
0.00005809
0.00002965
0.00000275
0.00000426
0.00000468
0.00003112
0.00000261
0.00000153
0.00007958
0.00002644
0.00002607
0.00002588
0.00002584
0.00000123
0.00002593
0.00000166
0.00004928
0.00000198
0.00004829
0.00000158
0.00002496
0.00006960
0.00002461
0.00002484
0.00002553
0.00002454
0.00000385
0.00004398
0.00002240
0.00002167
0.00002107
0.00000083
0.00001994
0.00000025
0.00001912
0.00001890
0.00001862
0.00001853
0.00001851
0.00005447
0.00001959
0.00002056
0.00000471
0.00000400
0.00001923
0.00001959
0.00000195
0.00001613
0.00000057
0.00000106
0.00001860
0.00000050
0.00000037
0.00000023
0.00001509
0.00001498
0.00001515
0.00000099
0.00001589
0.00000177
0.00001582
0.00000123
0.00001479
0.00000041
0.00000014
0.00000025
0.00001377
0.00001378
0.00002707
0.00000007
0.00000031
0.00002712
0.00001423
0.00000187
0.00001475
0.00001463
0.00002677
0.00000186
0.00001378
0.00001320
0.00001238
0.00002481
0.00002444
0.00000051
0.00000112
0.00000053
0.00004475
0.00001160
0.00001183
0.00003316
0.00000232
0.00001280
0.00000251
0.00001148
0.00000089
0.00001010
0.00000066
0.00001909
0.00000050
0.00000032
0.00000019
0.00000026
0.00000017
0.00000898
0.00000904
0.00000905
0.00000906
0.00000926
0.00000113
0.00000108
0.00001737
0.00000912
0.00000079
0.00000032
0.00000018
0.00000015
0.00003946
0.00000016
0.00001567
0.00001619
0.00000917
0.00000946
0.00001018
0.00000290
0.00002296
0.00001544
0.00000148
0.00000747
0.00000041
0.00000653
0.00000000
0.00000637
0.00000020
0.00001247
0.00001819
0.00000614
0.00001820
0.00000763
0.00001409
0.00000947
0.00001006
0.00000920
0.00001799
0.00000213
0.00001118
0.00000538
0.00000007
0.00000017
0.00000947
0.00000473
0.00000459
0.00000457
0.00000441
0.00000032
0.00001310
0.00000096
0.00000121
0.00000100
0.00001243
0.00000447
0.00000420
0.00000433
0.00000047
0.00000382
0.00000004
0.00000360
0.00000008
0.00000355
0.00000367
0.00000020
0.00000351
0.00000343
0.00000672
0.00000679
0.00000695
0.00000094
0.00000397
0.00000384
0.00000073
0.00000035
0.00000305
0.00000015
0.00000581
0.00000288
0.00000280
0.00000273
0.00000003
0.00000018
0.00000296
0.00000024
0.00000037
0.00000276
0.00000263
0.00000010
0.00000006
0.00000492
0.00000244
0.00000246
0.00000241
0.00000010
0.00000244
0.00000473
0.00000259
0.00000030
0.00000250
0.00000461
0.00000024
0.00000230
0.00000644
0.00000019
0.00000014
0.00000013
0.00000203
0.00000198
0.00000390
0.00000197
0.00000007
0.00000380
0.00000013
0.00000376
0.00000022
0.00000019
0.00000190
0.00000014
0.00000174
0.00000170
0.00000000
0.00000001
0.00000005
0.00000166
0.00000003
0.00000000
0.00000158
0.00000001
0.00000002
0.00000156
0.00000004
0.00000004
0.00000303
0.00000005
0.00000005
0.00000737
0.00000014
0.00000167
0.00000312
0.00000458
0.00000053
0.00000051
0.00000038
0.00000412
0.00000140
0.00000134
0.00000254
0.00000129
0.00000125
0.00000005
0.00000009
0.00000235
0.00000118
0.00000341
0.00000122
0.00000021
0.00000126
0.00000122
0.00000219
0.00000114
0.00000109
0.00000104
0.00000103
0.00000190
0.00000098
0.00000004
0.00000095
0.00000091
0.00000004
0.00000002
0.00000173
0.00000252
0.00000165
0.00000095
0.00000023
0.00000100
0.00000100
0.00000166
0.00000013
0.00000078
0.00000003
0.00000138
0.00000001
0.00000001
0.00000135
0.00000002
0.00000000
0.00000000
0.00000001
0.00000063
0.00000184
0.00000004
0.00000006
0.00000066
0.00000064
0.00000007
0.00000010
0.00000002
0.00000057
0.00000001
0.00000001
0.00000055
0.00000055
0.00000001
0.00000053
0.00000054
0.00000004
0.00000056
0.00000006
0.00000055
0.00000054
0.00000003
0.00000001
0.00000000
0.00000048
0.00000048
0.00000002
0.00000003
0.00000002
0.00000000
0.00000005
0.00000002
0.00000046
0.00000091
0.00000047
0.00000004
0.00000005
0.00000048
0.00000004
0.00000002
0.00000045
0.00000001
0.00000000
0.00000042
0.00000001
0.00000045
0.00000123
0.00000003
0.00000004
0.00000007
0.00000045
0.00000005
0.00000003
0.00000001
0.00000000
0.00000001
0.00000039
0.00000039
0.00000001
0.00000037
0.00000037
0.00000001
0.00000039
0.00000005
0.00000005
0.00000004
0.00000002
0.00000000
0.00000035
0.00000000
0.00000001
0.00000035
0.00000001
0.00000034
0.00000000
0.00000001
0.00000001
0.00000002
0.00000001
0.00000001
0.00000033
0.00000000
0.00000000
0.00000065
0.00000032
0.00000064
0.00000033
0.00000035
0.00000038
0.00000009
0.00000007
0.00000064
0.00000004
0.00000002
0.00000000
0.00000058
0.00000029
0.00000000
0.00000028
0.00000055
0.00000001
0.00000030
0.00000004
0.00000030
0.00000004
0.00000002
0.00000052
0.00000001
0.00000000
0.00000049
0.00000000
0.00000000
0.00000000
0.00000000
0.00000024
0.00000024
0.00000024
0.00000024
0.00000002
0.00000002
0.00000001
0.00000045
0.00000022
0.00000001
0.00000022
0.00000022
0.00000000
0.00000001
0.00000000
0.00000000
0.00000020
0.00000040
0.00000000
0.00000020
0.00000020
0.00000020
0.00000021
0.00000002
0.00000057
0.00000002
0.00000002
0.00000001
0.00000019
0.00000018
0.00000018
0.00000000
0.00000017
0.00000017
0.00000017
0.00000001
0.00000001
0.00000033
0.00000001
0.00000017
0.00000062
0.00000002
0.00000047
0.00000018
0.00000004
0.00000004
0.00000002
0.00000014
0.00000000
0.00000000
0.00000001
0.00000014
0.00000026
0.00000000
0.00000013
0.00000025
0.00000014
0.00000004
0.00000004
0.00000003
0.00000013
0.00000000
0.00000000
0.00000001
0.00000023
0.00000012
0.00000001
0.00000011
0.00000011
0.00000001
0.00000022
0.00000023
0.00000024
0.00000014
0.00000004
0.00000022
0.00000002
0.00000001
0.00000019
0.00000001
0.00000001
0.00000000
0.00000001
0.00000000
0.00000000
0.00000000
0.00000000
0.00000001
0.00000000
0.00000000
0.00000002
0.00000008
0.00000000
0.00000000
0.00000000
0.00000000
0.00000008
0.00000000
0.00000008
0.00000008
0.00000000
0.00000008
0.00000002
0.00000008
0.00000008
0.00000000
0.00000000
0.00000000
0.00000000
0.00000008
0.00000001
0.00000000
0.00000000
0.00000014
0.00000021
0.00000008
0.00000015
0.00000003
0.00000003
0.00000002
0.00000007
0.00000000
0.00000000
0.00000001
0.00000014
0.00000001
0.00000001
0.00000006
0.00000000
0.00000006
0.00000001
0.00000007
0.00000007
0.00000001
0.00000006
0.00000011
0.00000000
0.00000000
0.00000005
0.00000005
0.00000005
0.00000006
0.00000000
0.00000005
0.00000001
0.00000000
0.00000005
0.00000010
0.00000015
0.00000001
0.00000001
0.00000010
0.00000000
0.00000005
0.00000005
0.00000000
0.00000000
0.00000000
0.00000004
0.00000000
0.00000004
0.00000004
0.00000004
0.00000008
0.00000004
0.00000008
0.00000001
0.00000001
0.00000001
0.00000000
0.00000000
0.00000004
0.00000000
0.00000000
0.00000004
0.00000003
0.00000003
0.00000000
0.00000004
0.00000001
0.00000001
0.00000001
0.00000000
0.00000003
0.00000000
0.00000003
0.00000000
0.00000003
0.00000000
0.00000000
0.00000000
0.00000000
0.00000009
0.00000003
0.00000001
0.00000003
0.00000000
0.00000006
0.00000000
0.00000000
0.00000003
0.00000003
0.00000003
0.00000000
0.00000003
0.00000003
0.00000000
0.00000000
0.00000000
0.00000000
0.00000002
0.00000002
0.00000000
0.00000002
0.00000000
0.00000000
0.00000000
0.00000000
0.00000000
0.00000002
0.00000000
0.00000007
0.00000000
0.00000004
0.00000004
0.00000001
0.00000003
0.00000000
0.00000002
0.00000000
0.00000000
0.00000000
0.00000000
0.00000002
0.00000000
0.00000000
0.00000000
0.00000000
0.00000002
0.00000000
0.00000000
0.00000000
0.00000000
0.00000004
0.00000000
0.00000002
0.00000002
0.00000000
0.00000005
0.00000000
0.00000000
0.00000000
0.00000000
0.00000000
0.00000000
0.00000000
0.00000002
0.00000002
0.00000000
0.00000000
0.00000000
0.00000002
0.00000000
0.00000000
0.00000000
0.00000000
0.00000001
0.00000001
0.00000001
0.00000000
0.00000000
0.00000004
0.00000000
0.00000000
0.00000004
0.00000000
0.00000002
0.00000000
0.00000004
0.00000002
0.00000000
0.00000002
0.00000002
0.00000000
0.00000001
0.00000000
0.00000002
0.00000001
0.00000000
0.00000001
0.00000001
0.00000001
0.00000000
0.00000000
0.00000000
0.00000001
0.00000000
0.00000000
0.00000001
0.00000001
0.00000000
0.00000002
0.00000001
0.00000000
0.00000001
0.00000001
0.00000004
0.00000001
0.00000000
0.00000000
0.00000001
0.00000000
0.00000000
0.00000001
0.00000000
0.00000000
0.00000002
0.00000000
0.00000003
0.00000002
0.00000001
0.00000001
0.00000001
0.00000002
0.00000000
0.00000001
0.00000000
0.00000001
0.00000001
0.00000000
0.00000001
0.00000000
0.00000000
0.00000001
0.00000001
0.00000002
0.00000000
0.00000000
0.00000001
0.00000001
0.00000000
0.00000001
0.00000000
0.00000000
0.00000000
0.00000000
0.00000000
0.00000000
0.00000000
0.00000000
0.00000000
0.00000000
0.00000000
0.00000001
0.00000000
0.00000000
0.00000000
0.00000000
0.00000000
0.00000000
0.00000000
0.00000000
0.00000000
0.00000000
0.00000000
0.00000000
0.00000000
0.00000000
0.00000000
0.00000000
0.00000000
0.00000000
0.00000000
0.00000000
0.00000000
0.00000000
0.00000000
0.00000000
0.00000000
0.00000000
0.00000000
0.00000000
0.00000001
0.00000001
0.00000000
0.00000001
0.00000000
0.00000000
0.00000000
0.00000000
0.00000000
0.00000000
0.00000000
0.00000000
0.00000000
0.00000000
0.00000000
0.00000000
0.00000000
0.00000000
0.00000000
0.00000000
0.00000000
0.00000000
0.00000000
0.00000000
0.00000000
0.00000000
0.00000000
0.00000000
0.00000000
0.00000000
0.00000000
0.00000000
0.00000000
0.00000000
0.00000000
0.00000000
0.00000000
0.00000000
0.00000000
0.00000000
0.00000000
0.00000000
0.00000000
0.00000000
0.00000000
0.00000000
0.00000000
0.00000000
0.00000000
0.00000000
0.00000000
0.00000000
0.00000000
0.00000000
0.00000000
0.00000000
0.00000000
0.00000000
0.00000000
0.00000000
0.00000000
0.00000000
0.00000000
0.00000000
0.00000000
0.00000000
0.00000000
0.00000000
0.00000000
0.00000000
0.00000000
0.00000000
0.00000000
0.00000000
0.00000000
0.00000000
0.00000000
0.00000000
0.00000000
0.00000000
0.00000000
0.00000000
0.00000000
0.00000000
0.00000000
0.00000000
0.00000000
0.00000000
0.00000000
0.00000000
0.00000000
0.00000000
0.00000000
0.00000000
0.00000000
0.00000000
0.00000000
0.00000000
0.00000000
0.00000000
0.00000000
0.00000000
0.00000000
0.00000000
0.00000000
0.00000000
0.00000000
0.00000000
0.00000000
0.00000000
0.00000000
0.00000000
0.00000000
0.00000000
0.00000000
0.00000000
0.00000000
0.00000000
0.00000000
0.00000000
0.00000000
0.00000000
0.00000000
0.00000000
0.00000000
0.00000000
0.00000000
0.00000000
0.00000000
0.00000000
0.00000000
0.00000000
0.00000000
0.00000000
0.00000000
0.00000000
0.00000000
0.00000000
0.00000000
0.00000000
0.00000000
0.00000000
0.00000000
0.00000000
0.00000000
0.00000000
0.00000000
0.00000000
0.00000000
0.00000000
0.00000000
0.00000000
0.00000000
0.00000000
0.00000000
0.00000000
0.00000000
0.00000000
0.00000000
0.00000000
0.00000000
0.00000000
0.00000000
0.00000000
0.00000000
0.00000000
0.00000000
0.00000000
0.00000000
0.00000000
0.00000000
0.00000000
0.00000000
0.00000000
0.00000000
0.00000000
0.00000000
0.00000000
0.00000000
0.00000000
0.00000000
0.00000000
0.00000000
0.00000000
0.00000000
0.00000000
0.00000000
0.00000000
0.00000000
0.00000000
0.00000000
0.00000000
0.00000000
0.00000000
0.00000000
0.00000000
0.00000000
0.00000000
0.00000000
0.00000000
0.00000000
0.00000000
0.00000000
0.00000000
0.00000000
0.00000000
0.00000000
0.00000000
0.00000000
0.00000000
0.00000000
0.00000000
0.00000000
0.00000000
0.00000000
0.00000000
0.00000000
0.00000000
0.00000000
0.00000000
0.00000000
0.00000000
0.00000000
0.00000000
0.00000000
0.00000000
0.00000000
0.00000000
0.00000000
0.00000000
0.00000000
0.00000000
0.00000000
0.00000000
0.00000000
0.00000000
0.00000000
0.00000000
0.00000000
0.00000000
0.00000000
0.00000000
0.00000000
0.00000000
0.00000000
0.00000000
0.00000000
0.00000000
0.00000000
0.00000000
0.00000000
0.00000000
0.00000000
0.00000000
0.00000000
0.00000000
0.00000000
0.00000000
0.00000000
0.00000000
0.00000000
0.00000000
0.00000000
0.00000000
0.00000000
0.00000000
0.00000000
0.00000000
0.00000000
0.00000000
0.00000000
0.00000000
0.00000000
0.00000000
0.00000000
0.00000000
0.00000000
0.00000000
0.00000000
0.00000000
0.00000000
0.00000000
0.00000000
0.00000000
0.00000000
0.00000000
0.00000000
0.00000000
0.00000000
0.00000000
0.00000000
0.00000000
0.00000000
0.00000000
0.00000000
0.00000000
0.00000000
0.00000000
0.00000000
0.00000000
0.00000000
0.00000000
0.00000000
0.00000000
0.00000000
0.00000000
0.00000000
0.00000000
0.00000000
0.00000000
0.00000000
0.00000000
0.00000000
0.00000000
0.00000000
0.00000000
0.00000000
0.00000000
0.00000000
0.00000000
0.00000000
0.00000000
0.00000000
0.00000000
0.00000000
0.00000000
0.00000000
0.00000000
0.00000000
0.00000000
0.00000000
0.00000000
0.00000000
0.00000000
0.00000000
0.00000000
0.00000000
0.00000000
0.00000000
0.00000000
0.00000000
0.00000000
0.00000000
0.00000000
0.00000000
0.00000000
0.00000000
0.00000000
0.00000000
0.00000000
0.00000000
0.00000000
0.00000000
0.00000000
0.00000000
0.00000000
0.00000000
0.00000000
0.00000000
0.00000000
0.00000000
0.00000000
0.00000000
0.00000000
0.00000000
0.00000000
0.00000000
0.00000000
0.00000000
0.00000000
0.00000000
0.00000000
0.00000000
0.00000000
0.00000000
0.00000000
0.00000000
0.00000000
0.00000000
0.00000000
0.00000000
0.00000000
0.00000000
0.00000000
0.00000000
0.00000000
0.00000000
0.00000000
0.00000000
0.00000000
0.00000000
0.00000000
0.00000000
0.00000000
0.00000000
0.00000000
0.00000000
0.00000000
0.00000000
0.00000000
0.00000000
0.00000000
0.00000000
0.00000000
0.00000000
0.00000000
0.00000000
0.00000000
0.00000000
0.00000000
0.00000000
0.00000000
0.00000000
0.00000000
0.00000000
0.00000000
0.00000000
0.00000000
0.00000000
0.00000000
0.00000000
0.00000000
0.00000000
0.00000000
0.00000000
0.00000000
0.00000000
0.00000000
0.00000000
0.00000000
0.00000000
0.00000000
0.00000000
0.00000000
0.00000000
0.00000000
0.00000000
0.00000000
0.00000000
0.00000000
0.00000000
0.00000000
0.00000000
0.00000000
0.00000000
0.00000000
0.00000000
0.00000000
0.00000000
0.00000000
0.00000000
0.00000000
0.00000000
0.00000000
0.00000000
0.00000000
0.00000000
0.00000000
0.00000000
0.00000000
0.00000000
0.00000000
0.00000000
0.00000000
0.00000000
0.00000000
0.00000000
0.00000000
0.00000000
0.00000000
0.00000000
0.00000000
0.00000000
0.00000000
0.00000000
0.00000000
0.00000000
0.00000000
0.00000000
0.00000000
0.00000000
0.00000000
0.00000000
0.00000000
0.00000000
0.00000000
0.00000000
0.00000000
0.00000000
0.00000000
0.00000000
0.00000000
0.00000000
0.00000000
0.00000000
0.00000000
0.00000000
0.00000000
0.00000000
0.00000000
0.00000000
0.00000000
0.00000000
0.00000000
0.00000000
0.00000000
0.00000000
0.00000000
0.00000000
0.00000000
0.00000000
0.00000000
0.00000000
0.00000000
0.00000000
0.00000000
0.00000000
0.00000000
0.00000000
0.00000000
0.00000000
0.00000000
0.00000000
0.00000000
0.00000000
0.00000000
0.00000000
0.00000000
0.00000000
0.00000000
0.00000000
0.00000000
0.00000000
0.00000000
0.00000000
0.00000000
0.00000000
0.00000000
0.00000000
0.00000000
0.00000000
0.00000000
0.00000000
0.00000000
0.00000000
0.00000000
0.00000000
0.00000000
0.00000000
0.00000000
0.00000000
0.00000000
0.00000000
0.00000000
0.00000000
0.00000000
0.00000000
0.00000000
0.00000000
0.00000000
0.00000000
0.00000000
0.00000000
0.00000000
0.00000000
0.00000000
0.00000000
0.00000000
0.00000000
0.00000000
0.00000000
0.00000000
0.00000000
0.00000000
0.00000000
0.00000000
0.00000000
0.00000000
0.00000000
0.00000000
0.00000000
0.00000000
0.00000000
0.00000000
0.00000000
0.00000000
0.00000000
0.00000000
0.00000000
0.00000000
0.00000000
0.00000000
0.00000000
0.00000000
0.00000000
0.00000000
0.00000000
0.00000000
0.00000000
0.00000000
0.00000000
0.00000000
0.00000000
0.00000000
0.00000000
0.00000000
0.00000000
0.00000000
0.00000000
0.00000000
0.00000000
0.00000000
0.00000000
0.00000000
0.00000000
0.00000000
0.00000000
0.00000000
0.00000000
0.00000000
0.00000000
0.00000000
0.00000000
0.00000000
0.00000000
0.00000000
0.00000000
0.00000000
0.00000000
0.00000000
0.00000000
0.00000000
0.00000000
0.00000000
0.00000000
0.00000000
0.00000000
0.00000000
0.00000000
0.00000000
0.00000000
0.00000000
0.00000000
0.00000000
0.00000000
0.00000000
0.00000000
0.00000000
0.00000000
0.00000000
0.00000000
0.00000000
0.00000000
0.00000000
0.00000000
0.00000000
0.00000000
0.00000000
0.00000000
0.00000000
0.00000000
0.00000000
0.00000000
0.00000000
0.00000000
0.00000000
0.00000000
0.00000000
0.00000000
0.00000000
0.00000000
0.00000000
0.00000000
0.00000000
0.00000000
0.00000000
0.00000000
0.00000000
0.00000000
0.00000000
0.00000000
0.00000000
0.00000000
0.00000000
0.00000000
0.00000000
0.00000000
0.00000000
0.00000000
0.00000000
0.00000000
0.00000000
0.00000000
0.00000000
0.00000000
0.00000000
0.00000000
0.00000000
0.00000000
0.00000000
0.00000000
0.00000000
0.00000000
0.00000000
0.00000000
0.00000000
0.00000000
0.00000000
0.00000000
0.00000000
0.00000000
0.00000000
0.00000000
0.00000000
0.00000000
0.00000000
0.00000000
0.00000000
0.00000000
0.00000000
0.00000000
0.00000000
0.00000000
0.00000000
0.00000000
0.00000000
0.00000000
0.00000000
0.00000000
0.00000000
0.00000000
0.00000000
0.00000000
0.00000000
0.00000000
0.00000000
0.00000000
0.00000000
0.00000000
0.00000000
0.00000000
0.00000000
0.00000000
0.00000000
0.00000000
0.00000000
0.00000000
0.00000000
0.00000000
0.00000000
0.00000000
0.00000000
0.00000000
0.00000000
0.00000000
0.00000000
0.00000000
0.00000000
0.00000000
0.00000000
0.00000000
0.00000000
0.00000000
0.00000000
0.00000000
0.00000000
0.00000000
0.00000000
0.00000000
0.00000000
0.00000000
0.00000000
0.00000000
0.00000000
0.00000000
0.00000000
0.00000000
0.00000000
0.00000000
0.00000000
0.00000000
0.00000000
0.00000000
0.00000000
0.00000000
0.00000000
0.00000000
0.00000000
0.00000000
0.00000000
0.00000000
0.00000000
0.00000000
0.00000000
0.00000000
0.00000000
0.00000000
0.00000000
0.00000000
0.00000000
0.00000000
0.00000000
0.00000000
0.00000000
0.00000000
0.00000000
0.00000000
0.00000000
0.00000000
0.00000000
0.00000000
0.00000000
0.00000000
0.00000000
0.00000000
0.00000000
0.00000000
0.00000000
0.00000000
0.00000000
0.00000000
0.00000000
0.00000000
0.00000000
0.00000000
0.00000000
0.00000000
0.00000000
0.00000000
0.00000000
0.00000000
0.00000000
0.00000000
0.00000000
0.00000000
0.00000000
0.00000000
0.00000000
0.00000000
0.00000000
0.00000000
0.00000000
0.00000000
0.00000000
0.00000000
0.00000000
0.00000000
0.00000000
0.00000000
0.00000000
0.00000000
0.00000000
0.00000000
0.00000000
0.00000000
0.00000000
0.00000000
0.00000000
0.00000000
0.00000000
0.00000000
0.00000000
0.00000000
0.00000000
0.00000000
0.00000000
0.00000000
0.00000000
0.00000000
0.00000000
0.00000000
0.00000000
0.00000000
0.00000000
0.00000000
0.00000000
0.00000000
0.00000000
0.00000000
0.00000000
0.00000000
0.00000000
0.00000000
0.00000000
0.00000000
0.00000000
0.00000000
0.00000000
0.00000000
0.00000000
0.00000000
0.00000000
0.00000000
0.00000000
0.00000000
0.00000000
0.00000000
0.00000000
0.00000000
0.00000000
0.00000000
0.00000000
0.00000000
0.00000000
0.00000000
0.00000000
0.00000000
0.00000000
0.00000000
0.00000000
0.00000000
0.00000000
0.00000000
0.00000000
0.00000000
0.00000000
0.00000000
0.00000000
0.00000000
0.00000000
0.00000000
0.00000000
0.00000000
0.00000000
0.00000000
0.00000000
0.00000000
0.00000000
0.00000000
0.00000000
0.00000000
0.00000000
0.00000000
0.00000000
0.00000000
0.00000000
0.00000000
0.00000000
0.00000000
0.00000000
0.00000000
0.00000000
0.00000000
0.00000000
0.00000000
0.00000000
0.00000000
0.00000000
0.00000000
0.00000000
0.00000000
0.00000000
0.00000000
0.00000000
0.00000000
0.00000000
0.00000000
0.00000000
0.00000000
0.00000000
0.00000000
0.00000000
0.00000000
0.00000000
0.00000000
0.00000000
0.00000000
0.00000000
0.00000000
0.00000000
0.00000000
0.00000000
0.00000000
0.00000000
0.00000000
0.00000000
0.00000000
0.00000000
0.00000000
0.00000000
0.00000000
0.00000000
0.00000000
0.00000000
0.00000000
0.00000000
0.00000000
0.00000000
0.00000000
0.00000000
0.00000000
0.00000000
0.00000000
0.00000000
0.00000000
0.00000000
0.00000000
0.00000000
0.00000000
0.00000000
0.00000000
0.00000000
0.00000000
0.00000000
0.00000000
0.00000000
0.00000000
0.00000000
0.00000000
0.00000000
0.00000000
0.00000000
0.00000000
0.00000000
0.00000000
0.00000000
0.00000000
0.00000000
0.00000000
0.00000000
0.00000000
0.00000000
0.00000000
0.00000000
0.00000000
0.00000000
0.00000000
0.00000000
0.00000000
0.00000000
0.00000000
0.00000000
0.00000000
0.00000000
0.00000000
0.00000000
0.00000000
0.00000000
0.00000000
0.00000000
0.00000000
0.00000000
0.00000000
0.00000000
0.00000000
0.00000000
0.00000000
0.00000000
0.00000000
0.00000000
0.00000000
0.00000000
0.00000000
0.00000000
0.00000000
0.00000000
0.00000000
0.00000000
0.00000000
0.00000000
0.00000000
0.00000000
0.00000000
0.00000000
0.00000000
0.00000000
0.00000000
0.00000000
0.00000000
0.00000000
0.00000000
0.00000000
0.00000000
0.00000000
0.00000000
0.00000000
0.00000000
0.00000000
0.00000000
0.00000000
0.00000000
0.00000000
0.00000000
0.00000000
0.00000000
0.00000000
0.00000000
0.00000000
0.00000000
0.00000000
0.00000000
0.00000000
0.00000000
0.00000000
0.00000000
0.00000000
0.00000000
0.00000000
0.00000000
0.00000000
0.00000000
0.00000000
0.00000000
0.00000000
0.00000000
0.00000000
0.00000000
0.00000000
0.00000000
0.00000000
0.00000000
0.00000000
0.00000000
0.00000000
0.00000000
0.00000000
0.00000000
0.00000000
0.00000000
0.00000000
0.00000000
0.00000000
0.00000000
0.00000000
0.00000000
0.00000000
0.00000000
0.00000000
0.00000000
0.00000000
0.00000000
0.00000000
0.00000000
0.00000000
0.00000000
0.00000000
0.00000000
0.00000000
0.00000000
0.00000000
0.00000000
0.00000000
0.00000000
0.00000000
0.00000000
0.00000000
0.00000000
0.00000000
0.00000000
0.00000000
0.00000000
0.00000000
0.00000000
0.00000000
0.00000000
0.00000000
0.00000000
0.00000000
0.00000000
0.00000000
0.00000000
0.00000000
0.00000000
0.00000000
0.00000000
0.00000000
0.00000000
0.00000000
0.00000000
0.00000000
0.00000000
0.00000000
0.00000000
0.00000000
0.00000000
0.00000000
0.00000000
0.00000000
0.00000000
0.00000000
0.00000000
0.00000000
0.00000000
0.00000000
0.00000000
0.00000000
0.00000000
0.00000000
0.00000000
0.00000000
0.00000000
0.00000000
0.00000000
0.00000000
0.00000000
0.00000000
0.00000000
0.00000000
0.00000000
0.00000000
0.00000000
0.00000000
0.00000000
0.00000000
0.00000000
0.00000000
0.00000000
0.00000000
0.00000000
0.00000000
0.00000000
0.00000000
0.00000000
0.00000000
0.00000000
0.00000000
0.00000000
0.00000000
0.00000000
0.00000000
0.00000000
0.00000000
0.00000000
0.00000000
0.00000000
0.00000000
0.00000000
0.00000000
0.00000000
0.00000000
0.00000000
0.00000000
0.00000000
0.00000000
0.00000000
0.00000000
0.00000000
0.00000000
0.00000000
0.00000000
0.00000000
0.00000000
0.00000000
0.00000000
0.00000000
0.00000000
0.00000000
0.00000000
0.00000000
0.00000000
0.00000000
0.00000000
0.00000000
0.00000000
0.00000000
0.00000000
0.00000000
0.00000000
0.00000000
0.00000000
0.00000000
0.00000000
0.00000000
0.00000000
0.00000000
0.00000000
0.00000000
0.00000000
0.00000000
0.00000000
0.00000000
0.00000000
0.00000000
0.00000000
0.00000000
0.00000000
0.00000000
0.00000000
0.00000000
0.00000000
0.00000000
0.00000000
0.00000000
0.00000000
0.00000000
0.00000000
0.00000000
0.00000000
0.00000000
0.00000000
0.00000000
0.00000000
0.00000000
0.00000000
0.00000000
0.00000000
0.00000000
0.00000000
0.00000000
0.00000000
0.00000000
0.00000000
0.00000000
0.00000000
0.00000000
0.00000000
0.00000000
0.00000000
0.00000000
0.00000000
0.00000000
0.00000000
0.00000000
0.00000000
0.00000000
0.00000000
0.00000000
0.00000000
0.00000000
0.00000000
0.00000000
0.00000000
0.00000000
0.00000000
0.00000000
0.00000000
0.00000000
0.00000000
0.00000000
0.00000000
0.00000000
0.00000000
0.00000000
0.00000000
0.00000000
0.00000000
0.00000000
0.00000000
0.00000000
0.00000000
0.00000000
0.00000000
0.00000000
0.00000000
0.00000000
0.00000000
0.00000000
0.00000000
0.00000000
0.00000000
0.00000000
0.00000000
0.00000000
0.00000000
0.00000000
0.00000000
0.00000000
0.00000000
0.00000000
0.00000000
0.00000000
0.00000000
0.00000000
0.00000000
0.00000000
0.00000000
0.00000000
0.00000000
0.00000000
0.00000000
0.00000000
0.00000000
0.00000000
0.00000000
0.00000000
0.00000000
0.00000000
0.00000000
0.00000000
0.00000000
0.00000000
0.00000000
0.00000000
0.00000000
0.00000000
0.00000000
0.00000000
0.00000000
0.00000000
0.00000000
0.00000000
0.00000000
0.00000000
0.00000000
0.00000000
0.00000000
0.00000000
0.00000000
0.00000000
0.00000000
0.00000000
0.00000000
0.00000000
0.00000000
0.00000000
0.00000000
0.00000000
0.00000000
0.00000000
0.00000000
0.00000000
0.00000000
0.00000000
0.00000000
0.00000000
0.00000000
0.00000000
0.00000000
0.00000000
0.00000000
0.00000000
0.00000000
0.00000000
0.00000000
0.00000000
0.00000000
0.00000000
0.00000000
0.00000000
0.00000000
0.00000000
0.00000000
0.00000000
0.00000000
0.00000000
0.00000000
0.00000000
0.00000000
0.00000000
0.00000000
0.00000000
0.00000000
0.00000000
0.00000000
0.00000000
0.00000000
0.00000000
0.00000000
0.00000000
0.00000000
0.00000000
0.00000000
0.00000000
0.00000000
0.00000000
0.00000000
0.00000000
0.00000000
0.00000000
0.00000000
0.00000000
0.00000000
0.00000000
0.00000000
0.00000000
0.00000000
0.00000000
0.00000000
0.00000000
0.00000000
0.00000000
0.00000000
0.00000000
0.00000000
0.00000000
0.00000000
0.00000000
0.00000000
0.00000000
0.00000000
0.00000000
0.00000000
0.00000000
0.00000000
0.00000000
0.00000000
0.00000000
0.00000000
0.00000000
0.00000000
0.00000000
0.00000000
0.00000000
0.00000000
0.00000000
0.00000000
0.00000000
0.00000000
0.00000000
0.00000000
0.00000000
0.00000000
0.00000000
0.00000000
0.00000000
0.00000000
0.00000000
0.00000000
0.00000000
0.00000000
0.00000000
0.00000000
0.00000000
0.00000000
0.00000000
0.00000000
0.00000000
0.00000000
0.00000000
0.00000000
0.00000000
0.00000000
0.00000000
0.00000000
0.00000000
0.00000000
0.00000000
0.00000000
0.00000000
0.00000000
0.00000000
0.00000000
0.00000000
0.00000000
0.00000000
0.00000000
0.00000000
0.00000000
0.00000000
0.00000000
0.00000000
0.00000000
0.00000000
0.00000000
0.00000000
0.00000000
0.00000000
0.00000000
0.00000000
0.00000000
0.00000000
0.00000000
0.00000000
0.00000000
0.00000000
0.00000000
0.00000000
0.00000000
0.00000000
0.00000000
0.00000000
0.00000000
0.00000000
0.00000000
0.00000000
0.00000000
0.00000000
0.00000000
0.00000000
0.00000000
0.00000000
0.00000000
0.00000000
0.00000000
0.00000000
0.00000000
0.00000000
0.00000000
0.00000000
